258.056799	-25.255136	6.81
257.07193	-30.051855	6.95
260.115021	-29.365002	7.17
260.736153	-20.215199	7.29
253.586115	-25.829357	7.32
257.128862	-29.985493	7.5
263.509955	-23.031376	7.54
263.362493	-18.33979	7.76
260.674685	-20.226091	7.79
255.330171	-27.251078	7.88
261.818754	-28.770126	7.89
255.830219	-19.492474	7.9
260.358248	-26.501207	7.91
262.898457	-30.245655	7.98
265.612827	-29.438913	8.01
256.379975	-24.560392	8.09
257.635348	-26.245029	8.1
256.559925	-21.265249	8.12
253.490408	-25.06926	8.12
262.899217	-30.292955	8.12
260.352863	-26.434931	8.18
255.168693	-27.792309	8.2
263.79927	-30.200033	8.23
261.710885	-26.33086	8.28
254.850724	-27.178213	8.28
258.130258	-25.227161	8.28
262.985662	-30.401197	8.32
258.119754	-17.603605	8.36
253.634826	-25.813366	8.36
260.134795	-29.28503	8.38
263.881838	-23.620865	8.39
263.073981	-30.460974	8.4
254.39737	-24.536072	8.45
266.751912	-24.913498	8.46
257.367885	-20.773378	8.47
255.03785	-27.968288	8.48
255.366164	-27.273296	8.49
254.71748	-23.746553	8.53
255.926027	-21.413151	8.53
267.251753	-25.749525	8.57
260.413239	-20.240767	8.59
259.696513	-20.364281	8.61
259.718284	-20.499268	8.61
254.435296	-25.02923	8.63
262.527175	-22.951324	8.64
257.112708	-18.170092	8.65
260.381682	-22.92594	8.67
253.49142	-28.95228	8.68
253.945426	-26.763798	8.68
255.15764	-23.514429	8.69
261.729981	-30.091904	8.69
261.845061	-20.517036	8.71
257.438393	-29.220596	8.71
265.902995	-28.371912	8.72
260.031311	-27.773069	8.72
253.22778	-25.344313	8.74
267.818001	-24.509663	8.74
258.173282	-17.592735	8.75
254.868892	-25.69953	8.76
259.761103	-20.568455	8.78
262.173186	-22.581371	8.78
258.421441	-18.977467	8.78
257.502974	-18.015461	8.79
260.896961	-29.246021	8.79
262.661545	-19.557585	8.79
253.846664	-21.677452	8.8
263.357617	-20.779606	8.81
256.719523	-24.559797	8.82
256.960195	-29.526695	8.82
263.977789	-20.270201	8.84
267.828028	-25.070963	8.86
258.1675	-29.090139	8.86
257.975771	-30.432898	8.86
262.995547	-20.203196	8.89
263.888759	-19.896639	8.91
255.414721	-24.941181	8.91
256.77775	-19.505959	8.91
254.241771	-26.95155	8.92
260.529325	-20.073511	8.92
258.323927	-26.16951	8.92
260.186787	-27.643328	8.93
259.816355	-20.236284	8.94
259.429808	-30.77059	8.94
261.419494	-29.551338	8.94
257.592757	-31.148396	8.95
262.668751	-17.879444	8.95
259.868018	-26.585445	8.96
257.57904	-18.926188	8.96
266.891317	-26.347553	8.97
257.682973	-22.004602	8.98
260.366526	-20.295822	8.98
259.35467	-19.116001	9.0
260.306467	-18.035921	9.01
258.612917	-18.561605	9.01
258.34151	-26.027281	9.02
267.521112	-26.628759	9.03
255.364978	-26.819696	9.03
262.436632	-17.592745	9.05
258.244131	-28.947803	9.05
253.007522	-22.317514	9.06
256.993837	-23.457848	9.07
262.457128	-29.780582	9.08
260.148187	-29.398611	9.09
263.301801	-24.142965	9.09
258.137646	-25.265146	9.1
264.526201	-29.057035	9.1
266.679433	-25.754896	9.1
253.953322	-24.024197	9.1
259.135199	-18.514017	9.11
258.441614	-24.052299	9.11
262.440265	-22.96376	9.11
262.101651	-29.450945	9.11
258.063722	-23.162554	9.12
263.913968	-20.809734	9.12
261.513609	-29.804264	9.12
260.334907	-23.681246	9.13
255.654214	-28.408276	9.14
254.585908	-24.39801	9.15
260.511615	-21.294331	9.15
260.404241	-29.859648	9.15
257.137919	-30.03853	9.15
258.930375	-18.180702	9.16
258.252058	-29.026707	9.17
267.522184	-25.216118	9.17
262.549271	-30.258095	9.17
255.179046	-27.421524	9.19
261.631878	-17.587191	9.19
267.007316	-26.766541	9.19
253.562328	-28.11495	9.19
266.473043	-21.092861	9.2
260.823753	-27.966934	9.2
255.9188	-22.67638	9.21
265.946482	-26.046223	9.21
263.676071	-30.229959	9.21
253.542325	-24.477331	9.21
258.135919	-31.043007	9.22
258.534072	-19.266109	9.23
254.689393	-23.824724	9.23
265.611843	-29.481176	9.23
258.610201	-26.313301	9.24
263.330947	-18.042585	9.24
254.624283	-24.407372	9.25
261.419967	-30.72229	9.25
263.881882	-29.702263	9.26
255.650237	-28.531784	9.26
262.727168	-29.045561	9.26
259.709332	-19.251701	9.26
254.171131	-22.674246	9.26
257.292453	-28.126862	9.27
265.779039	-29.934713	9.28
262.887813	-29.967314	9.3
258.122465	-18.136889	9.3
265.252744	-28.072796	9.3
263.726046	-29.147247	9.3
268.006136	-25.792953	9.3
262.441987	-17.619766	9.3
265.495025	-29.907263	9.31
254.098041	-28.743244	9.31
265.191652	-28.030088	9.31
261.622774	-28.676674	9.31
262.973138	-17.324249	9.31
262.863801	-21.56472	9.32
258.688865	-28.921387	9.32
255.582614	-28.560373	9.32
256.692508	-25.542358	9.32
260.065597	-18.823582	9.33
259.659331	-22.043774	9.34
255.029954	-25.846779	9.34
257.336441	-30.682751	9.34
253.488119	-27.606567	9.34
265.418365	-27.906677	9.34
253.531474	-25.122025	9.34
255.309847	-26.732214	9.35
259.630929	-20.805429	9.35
254.735775	-27.222574	9.35
257.534348	-29.973377	9.36
258.666925	-29.858929	9.36
258.336505	-27.98597	9.36
265.042493	-29.775028	9.36
258.25777	-19.176197	9.36
263.335732	-21.304592	9.36
264.48437	-30.044909	9.36
257.01111	-25.143196	9.36
266.534896	-25.254917	9.37
253.948222	-27.244108	9.4
266.219231	-25.726923	9.4
259.215777	-20.604223	9.4
263.178543	-18.644321	9.4
263.882962	-23.546223	9.41
257.882223	-24.060865	9.41
258.320556	-31.002998	9.42
257.674339	-29.549555	9.42
263.726835	-18.671116	9.42
260.231658	-24.971331	9.42
263.825163	-20.651077	9.43
259.878643	-22.992054	9.43
256.912746	-30.300541	9.44
262.263008	-17.499847	9.44
265.376742	-28.540476	9.45
254.777634	-27.682281	9.45
260.228125	-26.121096	9.45
255.094041	-27.823542	9.45
259.425443	-20.102606	9.46
254.058005	-27.775549	9.46
260.567501	-20.864943	9.47
258.925863	-30.381924	9.47
253.755956	-20.902315	9.47
266.952877	-25.372032	9.47
260.103317	-29.279369	9.48
258.349301	-18.742456	9.48
264.874968	-29.343826	9.48
258.114956	-29.567879	9.48
254.059012	-27.782295	9.48
262.438151	-29.655018	9.48
262.863126	-21.564219	9.49
257.59126	-30.969519	9.49
256.391288	-24.479164	9.49
255.038287	-26.954023	9.49
256.136792	-19.670095	9.49
259.993854	-21.530661	9.5
257.686329	-31.097656	9.5
258.983688	-21.948055	9.5
268.188813	-24.864464	9.5
254.91103	-21.453602	9.5
260.316128	-18.048437	9.51
263.135024	-16.642853	9.51
253.61234	-28.932718	9.51
263.475323	-29.398779	9.51
259.543137	-17.801418	9.52
265.870862	-20.584276	9.52
254.506151	-23.574398	9.52
257.166013	-26.651861	9.52
255.515662	-19.208832	9.52
267.475832	-24.712988	9.53
257.68255	-26.201303	9.53
256.31894	-26.711761	9.53
264.914037	-20.658197	9.53
261.294919	-24.505638	9.53
261.994285	-29.110815	9.53
260.787548	-29.533552	9.53
256.543452	-21.315607	9.54
259.371005	-30.71633	9.54
256.504998	-25.341743	9.54
259.560479	-30.438065	9.54
260.148931	-29.346857	9.54
260.913716	-30.399673	9.54
256.857062	-19.262089	9.54
262.820677	-30.321383	9.55
254.311542	-27.939028	9.55
260.022939	-29.156572	9.55
266.284161	-29.945889	9.55
256.803893	-20.945404	9.55
266.764588	-24.848055	9.55
261.682724	-27.245291	9.56
258.299081	-17.514751	9.57
262.241504	-28.845213	9.57
256.311902	-24.268917	9.57
257.104664	-19.406483	9.57
260.57955	-26.669008	9.59
254.242037	-27.04011	9.59
253.556882	-26.740433	9.59
262.256069	-18.915783	9.59
263.899784	-20.293482	9.59
256.924631	-26.31613	9.59
256.253606	-25.317448	9.6
257.635665	-24.236395	9.6
260.405091	-22.87373	9.6
264.409765	-29.269024	9.6
255.276611	-28.626858	9.6
260.04118	-29.174006	9.61
256.194169	-25.508057	9.61
260.472237	-25.057468	9.61
265.353071	-28.702375	9.61
254.383718	-25.653509	9.62
258.753001	-19.542154	9.62
252.984998	-21.330645	9.62
260.293374	-23.832869	9.62
258.327199	-29.125408	9.62
261.588095	-16.995705	9.63
260.084132	-17.197517	9.63
268.072242	-24.626217	9.63
266.214877	-20.520346	9.63
257.911262	-30.814823	9.63
258.292853	-23.49468	9.63
256.097409	-19.735167	9.64
255.760368	-28.395151	9.64
258.11386	-23.66625	9.64
255.901053	-19.462172	9.64
257.289366	-30.827614	9.64
254.009461	-28.443125	9.64
255.938275	-21.979418	9.65
257.361944	-29.914335	9.65
254.484052	-22.272333	9.65
257.511922	-24.149683	9.65
265.502407	-19.309095	9.66
262.331451	-16.791395	9.66
254.076048	-22.464697	9.66
257.683322	-30.494249	9.66
257.578873	-21.584364	9.67
255.398776	-27.339092	9.68
255.062061	-24.281298	9.68
260.398491	-21.936071	9.68
262.008496	-19.068933	9.68
255.002842	-22.148914	9.68
253.55401	-26.824533	9.68
262.145636	-28.937126	9.68
265.70831	-27.843954	9.68
268.126113	-24.608904	9.69
263.194598	-16.828159	9.69
255.381716	-24.873446	9.69
257.208379	-30.876703	9.69
258.157212	-23.669794	9.7
265.165274	-28.076889	9.7
266.816057	-24.920717	9.7
264.121172	-21.298954	9.7
254.113513	-24.802362	9.7
256.94888	-26.481533	9.7
260.054112	-25.895634	9.7
256.88992	-28.126638	9.71
260.789542	-24.419582	9.71
266.978771	-26.441887	9.71
256.287805	-22.007944	9.71
268.117571	-24.560064	9.71
258.26657	-28.321287	9.71
258.74861	-21.14113	9.72
267.876556	-24.871199	9.72
254.108527	-28.298832	9.72
263.331082	-18.373219	9.72
255.278106	-23.482391	9.72
260.529918	-29.68462	9.72
261.939112	-25.46133	9.72
259.175227	-18.5562	9.72
263.410163	-18.057775	9.73
255.12324	-27.037247	9.73
257.114273	-22.271883	9.74
265.652127	-28.763853	9.74
265.144385	-28.913572	9.74
255.032305	-27.953409	9.74
257.428566	-26.796162	9.74
263.985891	-29.325937	9.75
258.396985	-29.12155	9.75
254.98555	-24.202974	9.75
255.275497	-27.44795	9.75
257.812373	-29.944754	9.75
261.446755	-29.508331	9.75
256.725395	-19.507013	9.75
261.270395	-26.441568	9.75
260.362215	-17.003712	9.76
256.087399	-18.656368	9.76
263.352383	-16.542267	9.76
252.968786	-22.400265	9.76
265.72578	-29.978434	9.76
264.624006	-29.183195	9.76
259.724016	-20.092207	9.76
264.920267	-28.853365	9.76
264.837646	-28.393866	9.76
260.70774	-25.968691	9.77
263.359339	-19.994505	9.77
263.131136	-28.240175	9.77
257.036674	-18.437674	9.77
257.913473	-29.392208	9.77
261.812201	-26.363567	9.78
258.330101	-26.131516	9.78
264.837628	-28.329454	9.78
260.821516	-20.230392	9.78
262.006478	-30.534031	9.78
263.926388	-29.027739	9.78
260.615966	-27.789309	9.78
253.893195	-25.985729	9.79
256.848793	-19.24003	9.79
258.554496	-18.577276	9.79
255.172146	-28.276213	9.79
262.810249	-18.761795	9.79
255.17095	-26.390284	9.79
266.385621	-21.08666	9.79
262.071223	-29.159319	9.8
255.902187	-21.387943	9.8
261.549016	-17.070574	9.81
258.386765	-26.035297	9.81
261.962675	-30.125496	9.81
257.172197	-25.150999	9.81
256.069544	-23.623194	9.81
254.087631	-22.690727	9.81
257.036133	-18.438765	9.81
263.355753	-28.349777	9.81
264.431936	-22.663507	9.81
260.231123	-20.359776	9.81
252.931429	-21.809956	9.81
253.215155	-21.29627	9.82
262.69059	-29.20709	9.82
262.601912	-30.151665	9.82
260.967613	-22.079889	9.82
254.055019	-21.553816	9.82
261.102136	-23.717272	9.82
266.265329	-26.304775	9.82
256.870001	-24.991661	9.82
262.725635	-29.637222	9.82
259.891384	-17.145512	9.83
259.387924	-17.870483	9.83
256.575866	-18.63195	9.83
265.447182	-19.259041	9.83
264.268826	-22.807961	9.83
266.36384	-26.867933	9.83
252.698835	-22.964848	9.83
257.151925	-27.908113	9.84
255.068876	-25.335833	9.84
260.481206	-20.856016	9.84
253.408093	-28.403646	9.84
256.977665	-29.273785	9.84
255.942341	-18.502094	9.84
257.140806	-19.368134	9.84
260.406304	-30.479006	9.85
259.613603	-22.961035	9.85
264.87742	-20.921413	9.85
253.666024	-25.229742	9.85
257.020289	-20.386318	9.85
260.138223	-17.233328	9.85
259.582404	-23.635538	9.86
261.594197	-29.175953	9.86
255.363073	-26.759817	9.86
258.327477	-26.10821	9.86
264.914105	-29.314869	9.86
253.125597	-25.408499	9.86
267.758899	-24.764402	9.87
254.214055	-26.510662	9.87
257.97177	-30.498018	9.87
261.295169	-18.624424	9.87
255.98732	-19.924986	9.88
266.714314	-25.779333	9.88
257.079731	-26.596037	9.88
262.659023	-28.560036	9.88
265.831612	-28.675749	9.88
263.162031	-18.390762	9.88
253.92154	-27.955154	9.89
257.661582	-29.057825	9.89
257.292644	-20.759758	9.89
255.774501	-28.457912	9.89
257.222526	-19.676409	9.89
256.481926	-24.862892	9.89
256.115487	-18.715118	9.9
257.390474	-24.031103	9.91
265.716712	-28.235163	9.91
256.859241	-26.648277	9.91
261.862231	-16.807175	9.91
256.085918	-24.647705	9.91
258.360862	-28.195293	9.91
257.788922	-24.807129	9.91
260.951036	-29.245014	9.91
253.730852	-25.443842	9.92
260.270176	-22.929136	9.92
257.054547	-24.465872	9.92
263.79437	-18.77483	9.92
253.370547	-23.164104	9.93
262.362087	-28.84523	9.93
256.617588	-26.451038	9.93
267.244562	-24.648899	9.93
260.449573	-30.385653	9.93
261.387554	-19.062708	9.94
265.882453	-28.356606	9.94
266.581512	-26.506317	9.94
257.039084	-24.218252	9.94
258.594317	-27.766579	9.94
262.736212	-30.235596	9.94
257.481938	-17.582611	9.94
260.011287	-20.651804	9.94
255.973664	-18.547262	9.94
256.310162	-19.776768	9.95
266.610132	-26.970915	9.95
256.30524	-26.718552	9.95
263.442984	-20.515518	9.95
264.144504	-23.75388	9.95
257.713145	-29.023193	9.95
264.197154	-28.180952	9.95
266.251159	-26.207853	9.96
256.975403	-25.605539	9.96
263.036116	-30.474617	9.96
254.386962	-25.079445	9.96
257.234455	-25.144466	9.96
268.41344	-26.096207	9.96
260.076365	-29.654345	9.96
255.435526	-27.142536	9.96
255.444717	-25.411873	9.96
264.266915	-23.351168	9.96
258.663552	-19.30932	9.96
267.983331	-26.282696	9.97
261.489693	-17.861113	9.97
258.951804	-18.677729	9.97
264.220518	-30.123995	9.97
256.051099	-17.734299	9.97
267.827518	-26.239737	9.97
261.683974	-17.876284	9.98
262.449402	-30.332882	9.98
264.824662	-20.864218	9.98
262.86604	-30.564329	9.98
258.774358	-17.680799	9.98
257.650115	-29.189316	9.98
258.657348	-20.344746	9.98
263.169035	-16.585344	9.98
259.074674	-30.587997	9.98
261.258765	-23.574902	9.98
258.728701	-21.100105	9.99
253.929672	-27.590481	9.99
255.126283	-23.467358	9.99
256.875443	-25.630732	10.0
255.986586	-20.887417	10.0
265.630218	-28.735739	10.0
256.399744	-19.37178	10.0
265.286597	-19.017067	10.0
264.424541	-28.448502	10.01
254.492279	-26.409412	10.01
260.193805	-18.156086	10.01
259.027018	-21.032862	10.01
256.72982	-25.22398	10.02
259.594418	-23.018143	10.02
254.057334	-27.870581	10.02
258.008235	-22.308077	10.02
263.401855	-20.774891	10.02
260.47128	-23.815714	10.02
260.506021	-29.585461	10.02
262.255228	-29.406719	10.03
263.048019	-16.810518	10.03
261.377664	-29.539791	10.03
262.43638	-29.54315	10.03
266.507888	-26.972851	10.03
255.34885	-27.096224	10.03
255.977965	-28.449244	10.03
263.884179	-29.424353	10.04
261.107817	-29.810701	10.04
254.958986	-25.783064	10.04
256.399204	-21.009275	10.04
254.160865	-27.250111	10.04
257.499905	-29.211748	10.04
257.50833	-28.447357	10.04
264.423324	-28.448738	10.04
261.769853	-29.834057	10.04
260.810641	-22.86842	10.04
259.420232	-17.594555	10.04
255.208156	-25.785145	10.05
257.140571	-29.073488	10.05
263.531431	-23.233053	10.05
261.496544	-26.309507	10.05
263.801229	-22.316923	10.05
255.694624	-26.945869	10.05
259.092388	-18.493973	10.05
260.869763	-22.816759	10.05
263.224356	-23.39093	10.06
254.371749	-22.18832	10.06
258.464413	-28.239222	10.06
257.882913	-29.135571	10.06
260.854927	-30.839298	10.06
264.548325	-24.285929	10.07
267.611151	-26.79248	10.07
265.094732	-20.775782	10.07
263.257028	-18.655977	10.07
257.114488	-29.044794	10.07
260.219194	-26.456831	10.08
265.509651	-27.911634	10.08
260.906715	-27.978037	10.08
257.662362	-24.372402	10.08
259.572621	-25.922884	10.09
258.187724	-30.192146	10.09
262.127156	-22.545097	10.09
262.771612	-18.646687	10.09
257.283445	-20.469067	10.09
263.673751	-20.115131	10.09
264.248291	-29.101698	10.09
258.464398	-24.99881	10.09
258.369486	-30.714079	10.09
262.025348	-28.750101	10.09
261.296168	-28.953268	10.09
268.023711	-24.861113	10.09
255.570817	-26.929358	10.09
263.598349	-20.103136	10.09
260.728157	-30.455549	10.1
257.056047	-26.968395	10.1
265.04078	-21.111055	10.1
257.601498	-21.971291	10.1
254.718169	-27.863974	10.1
262.481526	-18.016359	10.1
259.431543	-20.195957	10.1
253.959536	-27.160582	10.1
262.055938	-29.229742	10.11
266.53226	-25.74815	10.11
257.250725	-26.883539	10.11
253.928031	-26.694103	10.11
260.187826	-18.934175	10.11
263.788993	-30.129438	10.11
257.434142	-22.400246	10.11
263.42801	-18.765301	10.12
267.296297	-25.767282	10.12
256.503273	-21.914377	10.12
257.618779	-24.23193	10.12
255.602	-27.868034	10.12
263.839357	-29.705894	10.13
262.998092	-16.791594	10.13
267.689676	-26.701735	10.13
254.443636	-28.277763	10.13
257.679778	-23.541746	10.13
259.836044	-21.074827	10.13
257.557618	-21.405064	10.13
256.179678	-25.351412	10.13
255.142164	-23.760817	10.13
258.689693	-25.30514	10.13
260.967811	-20.424358	10.13
254.801313	-28.231546	10.14
260.611183	-29.147148	10.14
260.653613	-29.188889	10.14
261.161103	-18.313658	10.14
261.184131	-29.12822	10.14
253.283331	-25.367537	10.14
256.394025	-24.441109	10.14
257.149059	-22.523083	10.14
266.683874	-26.263447	10.15
263.81456	-19.934393	10.15
257.434641	-20.380157	10.15
262.183671	-28.393997	10.15
259.495672	-23.162733	10.15
264.601492	-24.422173	10.16
260.25224	-25.930044	10.16
267.238581	-25.097603	10.16
257.00299	-18.038847	10.16
256.556935	-28.215166	10.16
257.550563	-28.255674	10.16
255.574076	-26.754442	10.16
258.809851	-30.524939	10.16
263.099461	-18.840508	10.16
265.8531	-20.614882	10.16
260.928673	-27.890503	10.16
265.833174	-28.220106	10.16
254.348739	-23.824566	10.17
254.773016	-27.081982	10.17
267.919427	-25.817345	10.17
262.493098	-30.597317	10.17
255.512711	-19.108067	10.17
263.308483	-19.652178	10.17
256.299329	-26.279633	10.18
256.84509	-23.404743	10.18
258.864456	-30.602158	10.18
264.20999	-23.405741	10.18
265.114708	-20.763397	10.18
266.915676	-26.42078	10.18
264.247092	-29.101122	10.18
262.870138	-30.397818	10.18
261.94259	-30.45643	10.18
257.1429	-30.331875	10.19
260.150941	-18.82312	10.19
253.391076	-24.683313	10.19
257.61236	-29.197035	10.19
257.862932	-29.411898	10.19
257.273111	-20.514751	10.19
265.20572	-30.144262	10.19
261.449616	-29.707113	10.19
263.445235	-29.501858	10.19
268.06858	-25.98538	10.19
263.061817	-17.781919	10.2
254.537204	-26.402788	10.2
256.604193	-23.894539	10.2
258.910345	-19.1873	10.2
264.596491	-27.937103	10.2
253.525304	-28.909521	10.2
255.632236	-27.888012	10.2
259.557308	-21.009096	10.2
254.122734	-21.554247	10.2
265.656461	-29.280724	10.2
258.383871	-28.009607	10.2
255.553352	-28.076061	10.2
256.708413	-23.792322	10.2
254.562255	-23.602633	10.2
266.061515	-25.958838	10.21
254.047375	-28.724001	10.21
255.920238	-20.863808	10.21
262.502411	-17.91827	10.21
258.614799	-30.342213	10.21
262.724318	-18.193052	10.21
259.540562	-24.362324	10.21
257.706195	-19.58497	10.21
264.871288	-28.835779	10.21
267.166284	-26.457588	10.21
260.223206	-18.90336	10.22
262.627702	-18.937754	10.22
255.345038	-25.635551	10.22
253.480033	-22.751621	10.22
255.035191	-27.118172	10.22
259.661933	-19.321388	10.22
257.489014	-21.806282	10.22
265.029426	-28.043827	10.22
262.76238	-22.40456	10.22
267.695088	-25.916063	10.23
257.058711	-23.403873	10.23
260.216561	-17.89452	10.23
256.842426	-24.626871	10.23
262.632821	-28.935507	10.23
264.472528	-29.290447	10.23
258.421999	-24.909281	10.24
255.5482	-28.32678	10.24
264.596013	-24.357832	10.24
265.232487	-19.696747	10.24
266.168448	-26.358866	10.24
261.160516	-18.356613	10.24
267.834318	-25.778105	10.24
258.324241	-29.536037	10.24
257.058477	-28.337477	10.24
263.644148	-19.52462	10.25
258.674681	-30.229248	10.25
257.755869	-30.045797	10.25
266.405515	-21.129644	10.25
262.969855	-30.519236	10.25
258.611905	-19.341076	10.25
261.358224	-25.750677	10.25
254.993006	-27.9076	10.25
257.650558	-30.632984	10.26
267.827095	-24.363995	10.26
255.66453	-28.481121	10.26
256.53512	-21.873674	10.26
261.13246	-29.082005	10.26
261.338348	-29.833776	10.26
256.995989	-30.47658	10.26
255.281813	-26.664146	10.26
253.548759	-22.784979	10.26
259.372701	-21.702736	10.27
261.393824	-29.740665	10.27
262.771319	-18.147984	10.27
253.371953	-27.151529	10.27
260.761564	-24.529688	10.27
262.908993	-30.426233	10.27
254.55636	-25.34075	10.27
267.490479	-25.193615	10.27
262.077665	-21.910961	10.27
256.967418	-19.130903	10.27
254.245454	-26.824715	10.27
265.149677	-28.911882	10.27
265.864147	-28.414492	10.28
255.362568	-26.723587	10.28
267.789077	-26.150879	10.28
256.272333	-23.578606	10.28
261.956623	-17.095032	10.28
253.650211	-28.258867	10.28
255.218336	-25.427088	10.28
255.567284	-28.558409	10.29
259.328461	-30.214487	10.29
262.788928	-29.917885	10.29
257.710538	-19.567736	10.29
266.131046	-25.555519	10.29
261.409536	-17.490423	10.29
253.941724	-21.167639	10.29
266.543188	-19.832567	10.29
253.980625	-21.559963	10.29
258.250796	-17.464785	10.29
258.092353	-18.244699	10.29
255.124846	-24.030312	10.3
259.28918	-30.909163	10.3
257.238266	-24.679972	10.3
264.423749	-29.275293	10.3
253.402119	-27.982218	10.3
263.984007	-22.950069	10.3
257.262826	-24.609015	10.3
256.700245	-24.121538	10.3
259.557702	-17.85729	10.31
256.446178	-19.436689	10.31
265.489967	-21.322691	10.32
258.631279	-27.841736	10.32
262.13247	-29.322992	10.32
257.517652	-17.964521	10.32
254.921299	-28.180897	10.32
261.742189	-30.106012	10.32
260.077572	-23.92421	10.32
254.407623	-28.866009	10.32
253.940698	-27.648287	10.32
259.662323	-26.434683	10.32
257.349279	-20.458094	10.33
253.512235	-24.673807	10.33
256.623109	-24.568707	10.33
266.417646	-26.650042	10.33
253.862341	-22.879774	10.33
262.791193	-20.562002	10.33
256.098551	-24.079416	10.33
253.776976	-25.804573	10.34
260.699178	-26.149925	10.34
254.986767	-24.201471	10.34
257.09907	-19.566418	10.34
258.29311	-26.769621	10.34
257.868387	-30.650461	10.34
256.750846	-26.529861	10.34
267.018656	-26.690275	10.34
258.211555	-17.848454	10.34
254.24809	-27.854187	10.34
266.190817	-26.79331	10.34
261.523333	-29.351929	10.35
260.783293	-27.781841	10.35
254.926693	-25.673838	10.35
258.036413	-23.163626	10.35
262.014909	-30.367214	10.35
259.200749	-22.052147	10.35
257.159261	-18.230228	10.35
264.515063	-30.015877	10.35
265.266909	-20.441854	10.35
265.142428	-28.235596	10.35
261.007838	-30.654715	10.35
255.332754	-19.104376	10.35
255.063952	-23.833866	10.35
260.961039	-20.307568	10.35
265.740809	-29.414932	10.35
264.660508	-29.511328	10.35
259.661371	-20.305668	10.36
266.275933	-19.963831	10.36
261.277848	-30.679087	10.36
261.761031	-17.46566	10.36
257.396686	-21.533447	10.36
254.768943	-24.772911	10.36
263.094361	-21.425766	10.36
261.153029	-26.330448	10.37
256.22759	-24.189892	10.37
263.238447	-23.465786	10.37
267.788137	-26.555777	10.37
261.420279	-30.527304	10.38
254.486472	-25.691349	10.38
260.841198	-30.614639	10.38
261.33759	-29.898338	10.38
262.414069	-30.101244	10.38
257.061514	-24.403187	10.38
259.679711	-22.004124	10.38
255.356713	-27.923403	10.38
260.297766	-17.032452	10.38
264.437406	-29.644667	10.38
253.395036	-25.119173	10.38
264.637036	-28.016207	10.38
261.663334	-27.310591	10.38
265.334572	-28.228661	10.38
266.869415	-21.095581	10.38
267.145053	-26.573175	10.38
262.707981	-16.684303	10.38
256.643468	-20.711458	10.38
261.465032	-29.444489	10.39
265.433811	-20.027075	10.39
255.664409	-27.320335	10.39
267.208601	-25.054476	10.39
267.574599	-24.435444	10.39
256.963167	-19.204624	10.39
260.210104	-25.969152	10.39
261.629281	-18.085386	10.39
262.522249	-29.834558	10.39
264.641619	-28.996887	10.39
259.869158	-18.086136	10.4
256.821789	-22.714579	10.4
253.875964	-21.707867	10.4
257.871491	-24.283579	10.4
260.178062	-21.316153	10.4
267.798734	-26.276346	10.4
265.174245	-28.436378	10.4
260.085385	-18.700769	10.41
262.007516	-29.030933	10.41
256.918443	-18.566204	10.41
253.59651	-21.050619	10.41
264.426448	-28.738667	10.41
260.459797	-18.475609	10.41
263.164424	-18.118212	10.41
267.529003	-24.878618	10.41
254.077677	-22.045444	10.41
261.755933	-29.232555	10.41
256.633349	-24.217436	10.42
265.447311	-21.376011	10.42
265.76629	-28.700382	10.42
260.183518	-17.380735	10.42
255.938753	-28.111515	10.42
264.581541	-29.046448	10.42
264.808274	-28.619225	10.42
257.167224	-28.047195	10.42
262.195256	-29.92972	10.42
263.965625	-23.568426	10.42
255.984444	-19.000862	10.42
264.311433	-23.826767	10.43
266.221581	-25.6444	10.43
265.012825	-30.157631	10.43
262.360073	-28.713602	10.43
266.691297	-25.979229	10.43
261.811211	-20.464272	10.43
262.371509	-30.134108	10.43
261.531525	-29.699188	10.43
258.675315	-19.156387	10.43
256.60318	-19.834766	10.43
261.687435	-30.13303	10.43
254.833058	-25.089853	10.43
267.645332	-26.144293	10.43
264.07825	-29.998905	10.43
258.192799	-18.391481	10.43
255.982203	-19.591314	10.43
253.892704	-21.708225	10.43
256.459329	-27.275724	10.43
257.247733	-17.94762	10.44
261.621559	-16.943899	10.44
256.252519	-17.877768	10.44
267.020758	-24.776356	10.44
263.635402	-28.290564	10.44
259.994486	-20.569641	10.44
259.986819	-24.839586	10.44
261.682139	-29.469177	10.44
265.265913	-28.736822	10.44
257.90932	-26.536257	10.44
264.79397	-23.893978	10.44
254.125546	-26.664629	10.44
257.002727	-28.255816	10.44
268.085596	-26.608345	10.45
265.847627	-28.220442	10.45
258.179495	-24.027874	10.45
257.061347	-19.773769	10.45
255.296514	-17.835211	10.45
255.247958	-26.383543	10.45
258.876365	-20.689121	10.45
261.07605	-29.096207	10.45
258.6569	-26.864496	10.45
254.208522	-24.077337	10.45
255.307834	-24.881718	10.45
254.136234	-26.742929	10.46
263.093003	-18.393448	10.46
265.37352	-20.204264	10.46
259.634363	-23.606873	10.46
255.33726	-26.782768	10.46
268.056736	-26.530825	10.46
260.061851	-17.287922	10.46
262.59817	-23.104185	10.46
266.524013	-19.777843	10.46
259.26975	-23.146685	10.46
266.49479	-25.838476	10.46
267.539736	-24.82955	10.46
255.096767	-27.997122	10.46
260.122358	-24.099411	10.46
257.174384	-26.557632	10.46
264.877264	-28.500557	10.46
266.724761	-24.980074	10.47
262.795473	-17.135689	10.47
260.256363	-22.870703	10.47
262.744918	-17.932465	10.47
264.206486	-30.015194	10.47
256.688646	-23.688278	10.47
254.810425	-22.168957	10.47
265.230252	-19.029295	10.47
260.731371	-24.181198	10.47
264.280172	-29.867481	10.47
259.031193	-18.668217	10.47
260.84768	-30.458258	10.47
257.466796	-17.644758	10.47
259.15015	-18.575808	10.47
254.774496	-27.810028	10.48
265.726121	-28.451389	10.48
254.484413	-28.337318	10.48
261.673017	-17.228489	10.48
263.04953	-17.44939	10.48
256.215861	-25.347258	10.48
258.846598	-19.219433	10.48
266.252865	-26.857613	10.48
260.823984	-22.776871	10.48
261.831007	-30.433615	10.48
257.775961	-31.220926	10.48
257.181289	-20.627249	10.48
266.08303	-26.303453	10.48
264.537298	-28.923454	10.48
264.680369	-28.943617	10.49
257.312064	-31.051897	10.49
259.102888	-21.749004	10.49
255.318558	-17.870295	10.49
255.309332	-19.156013	10.49
265.702911	-29.480927	10.49
256.021195	-28.450405	10.49
266.866259	-20.507055	10.49
266.006638	-26.037237	10.49
260.481266	-20.03463	10.49
266.832387	-24.803347	10.49
256.94602	-25.56316	10.49
259.346561	-21.679319	10.49
268.180774	-25.583672	10.49
260.239955	-18.449818	10.5
260.615693	-29.242594	10.5
260.638221	-30.907993	10.5
254.585859	-24.352432	10.5
261.743485	-29.135633	10.5
261.863429	-21.874502	10.5
264.106361	-22.771643	10.5
258.706246	-19.533131	10.5
256.729341	-24.254559	10.5
257.13861	-20.9051	10.5
262.007504	-30.536011	10.5
259.480339	-30.051266	10.5
260.648848	-30.866318	10.51
266.001708	-28.681355	10.51
252.910021	-24.799278	10.51
261.222477	-26.223198	10.51
266.440938	-26.135592	10.51
256.708333	-25.290461	10.51
264.764149	-28.364899	10.51
258.550962	-29.744455	10.51
260.406039	-30.479876	10.51
263.986244	-20.335829	10.51
260.765225	-25.742348	10.51
260.361773	-18.276251	10.51
253.459347	-21.123613	10.51
256.731781	-19.477381	10.51
256.927204	-19.107643	10.51
255.102319	-28.154423	10.51
257.162508	-30.870127	10.51
266.619713	-26.685726	10.52
258.673529	-25.246826	10.52
267.650398	-24.561972	10.52
261.68363	-17.472036	10.52
264.934081	-28.733131	10.52
262.091657	-21.586575	10.52
255.254722	-26.335169	10.52
267.480474	-25.718616	10.52
260.106799	-17.220877	10.52
259.222729	-22.004242	10.52
261.751264	-30.385567	10.52
257.51416	-23.916506	10.53
254.205515	-22.664791	10.53
253.902307	-28.433771	10.53
257.356653	-18.00968	10.53
256.945569	-30.164871	10.53
256.529608	-18.639381	10.53
259.933893	-17.198509	10.53
256.706182	-25.538256	10.53
253.490757	-26.757862	10.53
260.260389	-21.668259	10.53
256.546227	-28.243471	10.53
261.601208	-30.364237	10.53
253.434011	-23.217295	10.53
254.559569	-24.009186	10.53
254.927275	-22.43091	10.53
262.294901	-17.457487	10.53
264.821104	-29.850201	10.53
259.692863	-20.513121	10.53
262.60013	-30.155743	10.54
264.282459	-23.919678	10.54
267.863668	-26.537708	10.54
262.57146	-18.245794	10.54
258.128475	-18.20545	10.54
261.940697	-19.094675	10.54
253.805297	-22.654083	10.54
256.731491	-26.776684	10.54
263.839392	-20.657988	10.54
267.562273	-24.832766	10.54
256.471008	-24.791304	10.54
255.019168	-28.356503	10.54
262.143955	-28.420378	10.54
261.427824	-27.671925	10.54
266.498684	-20.127146	10.55
256.641542	-27.51816	10.55
261.019462	-30.574537	10.55
264.528998	-29.74527	10.55
264.83966	-29.861118	10.55
264.922628	-21.094336	10.55
254.376898	-28.728123	10.55
254.449813	-28.159903	10.55
253.182668	-25.260874	10.55
267.020253	-24.782381	10.55
268.08589	-24.918354	10.55
253.732223	-27.707191	10.55
261.590627	-29.222179	10.55
259.24075	-28.93088	10.56
257.127884	-18.244827	10.56
258.272032	-29.061428	10.56
266.637229	-26.211491	10.56
255.263534	-19.004238	10.56
261.123239	-29.850922	10.56
261.736753	-28.938959	10.56
253.980536	-28.678219	10.56
266.100613	-26.779568	10.56
257.775078	-23.536999	10.56
256.279754	-25.416615	10.56
264.822408	-23.994862	10.56
254.651861	-27.717182	10.56
259.802565	-23.019691	10.56
264.332987	-28.677984	10.56
255.549152	-19.793837	10.56
260.533672	-29.150299	10.56
258.729779	-18.871786	10.56
255.455027	-28.186199	10.56
267.257258	-25.575752	10.57
255.03763	-25.366455	10.57
256.377622	-26.853119	10.57
261.67037	-30.21492	10.57
265.149604	-29.271557	10.57
257.705094	-19.307692	10.57
262.864352	-17.000496	10.57
258.934825	-29.70804	10.57
266.089257	-19.888248	10.57
256.67712	-24.694843	10.57
257.938886	-26.522112	10.58
265.90333	-29.105759	10.58
254.897071	-21.379164	10.58
253.827504	-27.231701	10.58
263.760835	-20.553724	10.58
259.279048	-30.464165	10.58
259.480878	-30.265713	10.58
256.283683	-26.324429	10.58
265.18239	-28.048016	10.58
267.442216	-25.538019	10.58
261.578867	-28.695255	10.58
262.435088	-18.12973	10.58
263.384989	-29.206455	10.58
266.99122	-26.626896	10.58
260.367251	-30.196302	10.58
267.916749	-25.634129	10.58
262.41214	-16.805149	10.58
260.284905	-23.87599	10.58
263.35146	-19.472897	10.58
263.162795	-28.171652	10.58
254.677094	-27.218689	10.58
258.750492	-17.719307	10.59
264.920878	-30.042374	10.59
262.57344	-17.940725	10.59
262.780914	-30.3328	10.59
255.068007	-27.112091	10.59
259.061955	-18.856365	10.59
267.411859	-25.289204	10.59
253.098457	-26.012911	10.59
263.045522	-20.20228	10.59
258.312531	-24.018373	10.59
257.223199	-19.254662	10.59
254.03296	-21.975742	10.59
258.523337	-24.268497	10.59
257.685697	-31.240629	10.59
255.034536	-22.209497	10.59
254.02457	-28.363478	10.59
262.339512	-21.402674	10.59
265.978408	-29.028273	10.59
267.319684	-26.603836	10.59
258.292235	-19.244282	10.6
254.372941	-22.188993	10.6
259.819211	-26.174103	10.6
256.382497	-21.702156	10.6
258.242892	-30.929731	10.6
259.974452	-17.759026	10.6
259.936247	-27.929319	10.6
258.19217	-18.193844	10.6
256.544052	-26.728304	10.6
259.498131	-17.855427	10.6
262.328385	-29.960119	10.6
253.602117	-24.859085	10.6
266.129959	-19.831736	10.6
258.460989	-19.251907	10.6
256.304445	-24.207228	10.6
262.981259	-20.129498	10.6
254.422239	-25.697111	10.6
261.715356	-26.442183	10.61
256.836559	-23.340044	10.61
256.160814	-24.120644	10.61
258.290285	-29.208469	10.61
265.831477	-28.2892	10.61
254.153255	-26.951609	10.61
255.127336	-28.657898	10.61
256.005122	-17.731621	10.61
263.463634	-18.124796	10.61
260.723361	-29.668976	10.61
253.954719	-28.60158	10.61
257.572496	-21.650442	10.62
261.92782	-27.58754	10.62
261.342846	-19.091352	10.62
261.38514	-29.179153	10.62
263.93684	-29.374296	10.62
253.885106	-24.034863	10.62
268.039073	-24.896334	10.62
254.232925	-23.849819	10.62
259.985828	-19.999275	10.62
260.267453	-17.893824	10.62
254.47697	-24.772331	10.62
261.910186	-30.400023	10.62
262.498111	-18.249279	10.62
262.574432	-29.737698	10.62
261.80955	-30.645086	10.62
263.256799	-20.839405	10.62
254.676213	-27.840765	10.62
261.15977	-29.165007	10.62
262.21977	-18.970295	10.62
265.748849	-28.371702	10.63
267.58663	-26.677069	10.63
261.53047	-17.476269	10.63
257.638722	-23.908251	10.63
266.249451	-19.96361	10.63
261.031988	-29.340185	10.63
264.855688	-28.462896	10.63
261.099734	-26.33601	10.63
254.8483	-22.400562	10.63
262.354928	-30.610109	10.63
257.846483	-27.006876	10.63
257.647535	-23.486767	10.64
257.613511	-25.386803	10.64
261.315325	-28.913668	10.64
253.825545	-22.689856	10.64
257.61658	-25.570833	10.64
260.29685	-17.822975	10.64
257.91921	-30.733936	10.64
258.495453	-26.543402	10.64
267.674915	-24.78758	10.64
256.615718	-25.257608	10.64
256.290034	-26.457632	10.64
261.328011	-18.689762	10.65
263.849939	-20.342026	10.65
253.777771	-25.70149	10.65
267.44208	-24.736595	10.65
266.430961	-20.084703	10.65
264.461039	-29.325104	10.65
258.187339	-30.191191	10.65
259.274228	-17.86248	10.66
265.344984	-20.471525	10.66
257.174855	-29.533545	10.66
256.193192	-17.926142	10.66
260.408078	-29.357904	10.66
260.166412	-27.56473	10.66
264.189947	-22.772776	10.66
262.50081	-17.648176	10.66
255.330401	-18.99581	10.66
258.594096	-26.641802	10.66
263.178224	-23.364813	10.66
259.368924	-17.429234	10.66
263.353789	-18.521112	10.66
257.067534	-24.5462	10.66
256.905409	-23.78241	10.66
263.682787	-21.052807	10.66
265.108305	-20.754379	10.66
265.733597	-21.03598	10.66
261.73126	-17.047512	10.66
267.812906	-25.134048	10.66
268.21286	-24.920395	10.67
264.902035	-28.344694	10.67
268.432546	-25.951822	10.67
255.196178	-24.884014	10.67
255.159809	-18.575066	10.67
266.501876	-25.783346	10.67
258.360902	-18.939756	10.67
253.793316	-25.949057	10.67
253.863104	-25.142582	10.67
256.890346	-22.719547	10.67
258.234779	-28.33535	10.67
262.765244	-30.065573	10.67
262.841962	-17.184637	10.67
260.278882	-18.437899	10.67
255.144409	-28.344677	10.67
256.870369	-25.108791	10.67
267.237662	-25.515799	10.67
263.591461	-21.117815	10.67
260.790063	-25.007059	10.68
253.763199	-22.516014	10.68
265.972883	-28.988344	10.68
257.074428	-28.418156	10.68
258.672805	-26.34491	10.68
254.273141	-28.70853	10.68
256.700805	-24.526743	10.68
262.930934	-23.570934	10.68
257.329639	-27.745249	10.68
261.114346	-26.295256	10.68
254.058823	-28.440868	10.68
257.550544	-30.33592	10.68
253.522875	-28.143427	10.68
260.263164	-19.015911	10.68
263.739211	-29.194004	10.68
260.496314	-30.701756	10.69
261.974132	-30.407602	10.69
262.872727	-29.806789	10.69
254.274077	-28.021372	10.69
255.484236	-26.930342	10.69
252.95994	-24.514133	10.69
253.356941	-25.133072	10.69
257.299034	-31.266315	10.69
263.736628	-18.724339	10.69
267.597392	-26.177502	10.69
253.390009	-28.238649	10.69
261.562892	-26.337542	10.69
262.24452	-29.856367	10.69
256.340642	-26.306007	10.7
255.224529	-28.713118	10.7
256.534521	-27.159742	10.7
265.923672	-28.646236	10.7
267.242287	-26.622622	10.7
263.892651	-29.697203	10.7
261.785735	-24.680803	10.7
255.536655	-20.778719	10.7
264.862898	-20.615423	10.7
257.913237	-23.466742	10.71
267.983805	-25.981974	10.71
264.564315	-28.923679	10.71
257.38965	-21.48015	10.71
260.576824	-18.737883	10.71
261.327933	-19.147774	10.71
261.405176	-30.170702	10.71
254.571487	-26.553867	10.71
264.481218	-28.955917	10.71
266.085058	-26.326202	10.71
254.766455	-26.94142	10.71
259.813984	-18.11352	10.71
257.326595	-26.883301	10.71
264.310167	-29.469305	10.71
253.538313	-27.638258	10.72
266.775075	-26.135574	10.72
254.550136	-25.664431	10.72
259.486324	-29.973789	10.72
267.074473	-26.631247	10.72
255.946396	-20.847534	10.72
257.514773	-18.903446	10.72
265.067899	-29.848026	10.72
265.789029	-28.157263	10.72
260.062488	-25.814316	10.72
260.422542	-18.048565	10.72
263.894671	-20.861977	10.72
257.810113	-29.94648	10.72
258.636512	-30.296526	10.72
263.456553	-22.294924	10.72
265.350683	-29.377735	10.72
256.104842	-21.870703	10.72
262.144424	-29.925823	10.72
265.572575	-21.300323	10.72
266.216119	-29.910975	10.73
262.171634	-28.813908	10.73
256.497944	-27.818478	10.73
253.656778	-27.696434	10.73
264.874943	-29.795031	10.73
259.783464	-23.537861	10.73
262.343407	-30.521896	10.73
259.456866	-19.254528	10.73
258.419161	-17.948948	10.73
262.639429	-28.640005	10.73
262.55919	-18.94215	10.73
261.819643	-29.273249	10.73
258.981874	-30.577112	10.73
263.668399	-21.064425	10.74
261.336436	-30.140102	10.74
255.684325	-27.381975	10.74
262.713811	-19.512621	10.74
258.634607	-26.839146	10.74
260.412457	-30.869881	10.74
261.829052	-29.844374	10.74
256.514001	-22.723024	10.74
262.578098	-28.873997	10.74
260.859665	-20.676626	10.74
253.575547	-24.828712	10.74
264.286154	-23.23502	10.74
265.045305	-29.663979	10.74
260.864142	-20.748325	10.74
262.240082	-20.128332	10.74
265.737029	-28.438734	10.74
253.954667	-25.729351	10.74
263.548141	-29.665834	10.74
258.081119	-31.013025	10.75
261.506066	-29.021105	10.75
262.620768	-17.856726	10.75
264.228626	-23.896214	10.75
260.424352	-19.973783	10.75
265.175765	-29.741129	10.75
265.162017	-29.724499	10.75
263.017222	-16.87343	10.75
257.006161	-29.559029	10.75
259.51108	-30.244652	10.75
262.626637	-17.000692	10.75
259.220166	-20.256962	10.75
257.189622	-27.913292	10.75
260.419025	-30.20808	10.75
257.093887	-22.392794	10.75
266.862586	-21.12318	10.75
254.192197	-23.816195	10.75
255.144439	-27.551846	10.76
256.665091	-28.262985	10.76
266.443357	-21.180485	10.76
268.605314	-26.33128	10.76
268.192747	-25.435024	10.76
264.101243	-21.352568	10.76
252.961912	-21.462154	10.76
263.135354	-18.83407	10.76
264.124615	-20.704645	10.76
255.471669	-28.041075	10.76
260.578681	-18.780451	10.76
267.853772	-25.572081	10.76
257.189021	-29.027439	10.76
262.489713	-29.632648	10.76
255.153071	-26.421591	10.76
256.642667	-18.595335	10.76
259.123848	-17.75802	10.76
262.760729	-16.628033	10.76
261.127775	-30.047918	10.76
258.386842	-29.208637	10.76
264.009216	-28.958509	10.76
255.987098	-19.924196	10.76
263.449703	-29.417345	10.76
253.996864	-27.694702	10.76
254.55879	-25.80592	10.76
258.907411	-30.812641	10.76
264.047446	-29.679365	10.76
253.98419	-28.05896	10.76
252.71149	-22.626801	10.76
255.378677	-27.200758	10.77
263.924071	-22.93614	10.77
261.864396	-25.492237	10.77
258.599584	-28.113956	10.77
256.244526	-24.131542	10.77
260.563356	-21.277687	10.77
256.680229	-23.742832	10.77
265.96374	-28.777233	10.77
257.355339	-22.406666	10.77
266.489598	-25.504726	10.77
257.350574	-17.701464	10.77
253.034891	-25.401379	10.77
260.330599	-26.156952	10.77
253.45537	-24.635658	10.77
259.716567	-19.375938	10.77
262.069795	-28.828518	10.78
264.306433	-29.75684	10.78
257.72727	-24.343752	10.78
267.345731	-25.434349	10.78
253.335158	-28.372143	10.78
254.911795	-27.890299	10.78
265.412025	-28.028946	10.78
256.37114	-23.911568	10.78
256.473199	-26.640896	10.78
262.254222	-29.941875	10.78
255.058931	-18.214622	10.78
255.057919	-26.90313	10.78
261.661901	-30.294413	10.78
261.517476	-30.680079	10.78
253.514647	-24.750998	10.78
256.342188	-26.404354	10.78
256.772121	-24.682877	10.78
256.81969	-20.897451	10.78
261.823126	-30.199068	10.78
254.613502	-24.074697	10.78
255.264547	-24.849634	10.78
256.473564	-25.376181	10.78
256.962806	-24.204922	10.78
263.928599	-29.526096	10.78
259.536919	-24.433304	10.78
254.391966	-24.536518	10.79
263.652834	-20.156197	10.79
267.866782	-24.330662	10.79
257.837444	-24.802135	10.79
264.596243	-29.551027	10.79
254.991131	-26.422689	10.79
256.032409	-21.436071	10.79
265.778829	-20.612146	10.79
264.935787	-28.238689	10.79
258.485493	-30.416346	10.79
259.266879	-20.197176	10.79
253.89145	-21.696983	10.79
260.29651	-20.474506	10.79
266.237996	-25.237314	10.79
253.472105	-28.84289	10.79
260.757915	-24.956516	10.8
263.023971	-30.438734	10.8
260.127132	-29.398685	10.8
258.584641	-28.953304	10.8
263.521761	-20.090378	10.8
254.536515	-25.392756	10.8
262.537518	-29.294884	10.8
265.359715	-20.131401	10.8
263.095017	-17.988407	10.8
256.882971	-25.406181	10.8
262.242919	-30.428095	10.8
253.800776	-26.542679	10.8
256.878165	-25.580856	10.8
261.042233	-28.909206	10.8
257.591538	-21.361788	10.8
267.157588	-26.542816	10.8
261.401582	-17.611027	10.8
260.471603	-29.80711	10.8
252.989061	-21.543688	10.8
265.507135	-28.117302	10.8
253.390954	-24.663536	10.8
259.053248	-19.254587	10.8
265.662574	-28.214058	10.8
260.451689	-18.537531	10.8
259.121737	-20.299791	10.8
262.295523	-17.54587	10.8
260.347313	-30.098703	10.8
259.092078	-17.937351	10.8
266.919192	-25.936518	10.8
259.54417	-23.68568	10.8
267.867936	-25.714256	10.8
258.172653	-29.042528	10.8
259.50728	-20.929539	10.8
268.1238	-25.986053	10.81
264.203226	-30.088379	10.81
257.555353	-31.112137	10.81
261.568235	-29.260521	10.81
257.331084	-17.95562	10.81
264.76643	-28.840031	10.81
264.367714	-28.740133	10.81
263.484474	-23.342087	10.81
257.636605	-24.86727	10.81
266.341775	-26.677155	10.81
267.815986	-25.970608	10.81
267.403262	-26.042934	10.81
257.283468	-28.17552	10.81
264.609195	-29.030407	10.81
262.11535	-29.055586	10.81
258.325738	-29.460056	10.81
257.554465	-30.334433	10.81
259.481396	-20.483505	10.81
263.22859	-19.801844	10.81
253.740388	-25.767744	10.81
253.591943	-27.215809	10.81
266.27922	-20.515675	10.82
265.32754	-28.33264	10.82
261.691407	-26.382612	10.82
261.875975	-25.452166	10.82
259.482635	-20.174515	10.82
263.264585	-16.969908	10.82
264.019898	-22.490814	10.82
261.86436	-24.713791	10.82
260.272489	-26.093431	10.82
255.02423	-26.354647	10.82
264.634559	-29.718554	10.82
256.54875	-18.097715	10.82
261.769352	-17.912935	10.82
266.455845	-26.842648	10.82
268.444511	-25.969147	10.82
259.910886	-25.033691	10.82
252.827608	-21.811811	10.82
264.094848	-20.703949	10.83
262.642877	-23.037415	10.83
264.889641	-28.601368	10.83
261.648575	-26.410635	10.83
265.862245	-28.44035	10.83
265.831996	-28.468628	10.83
257.445089	-31.275816	10.83
260.433239	-23.335327	10.83
263.292431	-24.141195	10.83
263.379154	-21.299234	10.83
258.525545	-17.379122	10.83
253.237553	-25.899612	10.83
254.038634	-24.793865	10.83
267.346022	-25.058544	10.83
260.722636	-27.712057	10.83
265.14409	-29.628847	10.83
264.189918	-21.542892	10.83
257.580633	-24.205322	10.83
257.137261	-25.260967	10.83
260.580933	-30.669641	10.83
253.449736	-28.303432	10.83
253.254525	-20.958961	10.83
260.942226	-29.344687	10.83
255.493105	-27.074678	10.84
258.797252	-29.272429	10.84
260.056178	-29.590883	10.84
266.754687	-25.517464	10.84
259.281515	-19.13448	10.84
260.659675	-30.344776	10.84
257.187609	-29.195997	10.84
260.240978	-21.630701	10.84
265.406971	-28.189205	10.84
264.69882	-30.267023	10.84
258.651276	-20.369389	10.84
260.009341	-21.095179	10.84
254.841914	-24.224846	10.84
260.576142	-20.216068	10.84
262.280235	-21.426613	10.84
256.469868	-27.848543	10.84
260.744183	-27.819067	10.84
264.742167	-28.819887	10.84
263.60417	-29.827927	10.85
256.316027	-25.492697	10.85
263.615669	-29.847515	10.85
258.435192	-24.098791	10.85
268.015548	-26.202267	10.85
255.513515	-27.156816	10.85
257.558495	-28.38949	10.85
261.370226	-30.673832	10.85
261.36451	-30.180994	10.85
261.243735	-18.284056	10.85
255.406705	-27.25909	10.85
254.271524	-24.521173	10.85
260.60441	-21.452362	10.85
259.420058	-20.199348	10.85
256.5596	-22.682587	10.85
257.79997	-28.101398	10.85
261.640442	-26.008766	10.85
263.33529	-29.035845	10.85
262.060272	-29.105391	10.85
263.778044	-21.642244	10.86
267.655068	-24.559816	10.86
260.872781	-27.577888	10.86
262.290171	-30.60465	10.86
259.894431	-21.312246	10.86
256.588783	-19.867138	10.86
263.301845	-17.180368	10.86
265.500986	-19.377047	10.86
255.564709	-28.370102	10.86
253.56775	-26.776995	10.86
264.757215	-20.812305	10.86
253.154574	-26.047792	10.86
259.150756	-27.711552	10.86
259.075319	-23.179827	10.86
254.599796	-25.851095	10.86
258.485876	-29.117151	10.86
260.716008	-29.608467	10.86
253.347517	-22.145962	10.86
262.483491	-29.535168	10.86
255.96846	-19.479366	10.86
264.945553	-28.988472	10.86
256.965771	-25.415112	10.87
257.302984	-31.004442	10.87
265.270382	-28.250938	10.87
260.477824	-17.459629	10.87
261.208315	-23.564198	10.87
259.724114	-23.705761	10.87
268.047656	-25.337284	10.87
257.665341	-24.840618	10.87
267.35864	-25.509308	10.87
260.011317	-23.039223	10.87
258.953243	-18.286455	10.87
257.142987	-23.939674	10.87
258.759363	-20.910418	10.87
254.249761	-28.663174	10.87
259.42922	-19.317902	10.87
254.10698	-25.274225	10.87
260.784049	-27.687082	10.87
257.009703	-20.419792	10.87
253.433006	-27.134602	10.87
254.601087	-26.499735	10.87
263.548762	-18.120554	10.87
259.141858	-28.881464	10.87
253.907626	-27.97382	10.87
260.814384	-29.276123	10.87
261.504336	-30.032785	10.87
253.60573	-25.172075	10.87
258.608461	-29.145666	10.88
266.542161	-25.191935	10.88
260.034309	-21.478945	10.88
260.387926	-30.289755	10.88
261.645319	-29.214033	10.88
261.916986	-28.897518	10.88
259.220226	-30.500603	10.88
261.515203	-29.803724	10.88
264.007351	-21.646564	10.88
258.792884	-30.355434	10.88
264.588981	-19.869535	10.88
264.020015	-20.422045	10.88
260.269848	-26.104568	10.88
258.633599	-17.402781	10.88
255.487467	-28.082176	10.88
254.327398	-28.877232	10.89
267.950637	-25.031092	10.89
257.827534	-30.700996	10.89
261.769772	-30.23555	10.89
260.731303	-27.696466	10.89
257.757268	-23.440184	10.89
264.157314	-30.135054	10.89
266.389061	-26.880308	10.89
265.054099	-28.429285	10.89
264.069083	-22.932774	10.89
268.666658	-26.408651	10.89
255.634517	-18.995974	10.89
264.396205	-23.335739	10.89
257.391682	-26.681026	10.89
262.781152	-17.167135	10.89
258.163992	-23.628874	10.9
261.861931	-17.077847	10.9
256.970272	-28.085274	10.9
260.075042	-23.065861	10.9
261.701777	-17.120821	10.9
265.928937	-28.443029	10.9
253.826979	-25.559904	10.9
256.885501	-26.296244	10.9
256.882239	-29.066662	10.9
261.882691	-21.794367	10.9
257.643496	-28.129496	10.9
255.402113	-25.391754	10.9
259.8737	-20.173643	10.9
252.52006	-21.491291	10.9
261.114341	-29.826864	10.9
268.292539	-25.330652	10.9
261.499851	-29.561333	10.9
265.460756	-19.989269	10.9
260.869937	-30.339142	10.9
258.227705	-28.164656	10.9
262.006071	-27.431025	10.9
254.850348	-27.953276	10.9
262.709246	-17.986317	10.9
259.635428	-25.926311	10.9
254.654227	-23.875261	10.9
260.533756	-29.293524	10.91
260.927263	-29.524168	10.91
257.071838	-30.381262	10.91
255.213148	-27.480614	10.91
257.849293	-29.189667	10.91
266.27718	-26.78299	10.91
258.626721	-27.415049	10.91
254.417405	-28.715021	10.91
266.363743	-26.819275	10.91
254.380167	-27.205345	10.91
258.348977	-30.95451	10.91
262.778176	-18.720436	10.92
253.531976	-26.043955	10.92
255.454094	-27.104498	10.92
259.464519	-23.63558	10.92
256.378172	-23.492487	10.92
254.735947	-23.876982	10.92
264.783328	-23.813026	10.92
257.15355	-29.232967	10.92
261.92606	-19.085802	10.92
256.895223	-26.547104	10.92
261.705982	-16.931564	10.92
261.067707	-30.012012	10.92
253.34585	-27.385841	10.92
260.227691	-26.498104	10.92
254.157097	-27.053768	10.92
258.630786	-29.105364	10.92
262.62464	-30.414331	10.92
262.721601	-17.003851	10.92
257.357952	-26.75721	10.92
263.067348	-21.385942	10.92
266.87217	-25.914509	10.92
259.253129	-25.137392	10.92
253.60657	-28.881222	10.92
262.313711	-29.911032	10.92
262.203792	-21.56003	10.92
260.323388	-20.755457	10.92
252.570913	-20.923473	10.93
260.516947	-21.447519	10.93
264.600884	-23.845161	10.93
263.892542	-20.757353	10.93
261.633189	-30.196873	10.93
262.341286	-29.140905	10.93
264.120146	-29.969627	10.93
254.241373	-26.556314	10.93
261.858304	-28.651331	10.93
256.594686	-19.180061	10.93
255.132559	-25.486256	10.93
263.300318	-20.885532	10.93
267.075839	-26.91856	10.93
256.884593	-30.178617	10.93
266.199054	-19.909496	10.93
259.354086	-30.28437	10.93
256.675141	-27.470797	10.93
268.348001	-25.524717	10.93
266.824154	-20.512953	10.93
264.874639	-20.527353	10.93
253.269807	-25.225273	10.93
253.464435	-26.754906	10.93
261.019613	-16.933414	10.93
259.91946	-26.59589	10.94
255.291977	-25.837263	10.94
265.413613	-28.586336	10.94
253.43279	-26.938051	10.94
265.884151	-28.788059	10.94
256.246734	-25.467468	10.94
264.59839	-27.937016	10.94
268.007205	-26.023106	10.94
255.887636	-28.485193	10.94
257.280306	-19.232853	10.94
265.419414	-29.878216	10.94
254.440306	-25.250299	10.94
255.543576	-28.49419	10.94
253.3499	-27.330391	10.94
266.932639	-21.02207	10.94
262.260139	-29.573833	10.95
264.181004	-30.12672	10.95
256.875052	-26.378065	10.95
262.273217	-17.547073	10.95
266.399397	-26.873587	10.95
257.84895	-30.631002	10.95
254.243657	-26.683643	10.95
262.32054	-28.826874	10.95
261.007696	-30.118376	10.95
263.464061	-28.220247	10.95
264.5349	-28.090256	10.95
265.219273	-28.317356	10.95
261.871988	-29.786835	10.95
256.701092	-24.490917	10.95
262.396535	-29.975758	10.95
253.530896	-27.165819	10.95
264.338774	-23.34313	10.95
261.41527	-17.543781	10.95
255.008064	-28.608856	10.95
261.563588	-26.019463	10.95
259.374239	-19.152956	10.95
265.502143	-19.919338	10.95
263.073943	-30.531498	10.96
260.351487	-23.749081	10.96
261.976268	-29.298531	10.96
255.179641	-28.619356	10.96
259.079979	-17.975624	10.96
259.722184	-20.091225	10.96
255.011359	-25.800255	10.96
264.466615	-22.696341	10.96
262.812461	-29.768473	10.96
264.844444	-24.044714	10.96
257.630796	-26.823587	10.96
258.438451	-29.199661	10.96
257.559737	-30.713854	10.96
260.82274	-27.76622	10.96
258.887428	-20.729033	10.96
264.580074	-28.105537	10.96
267.510387	-26.732643	10.96
257.341389	-31.280361	10.96
255.770593	-28.417641	10.96
257.241075	-24.856953	10.96
263.581041	-30.374565	10.96
260.446224	-25.939598	10.97
254.06828	-22.504593	10.97
266.523311	-20.898508	10.97
254.010237	-24.664305	10.97
262.59132	-29.312178	10.97
259.937221	-26.377783	10.97
257.226908	-30.02265	10.97
257.864484	-23.541182	10.97
266.345837	-26.271688	10.97
261.056163	-16.910124	10.97
257.659287	-21.39373	10.97
260.955432	-23.314123	10.97
254.935934	-26.751497	10.97
257.06208	-18.781925	10.97
263.514697	-28.263098	10.97
264.717769	-28.770372	10.97
263.315338	-24.070208	10.97
255.164577	-24.078659	10.97
266.807573	-21.142488	10.97
255.531662	-19.238033	10.97
255.491593	-26.958504	10.97
268.250194	-25.870905	10.97
261.630923	-17.58877	10.97
261.528233	-17.609194	10.98
257.684236	-30.584402	10.98
263.087372	-30.541307	10.98
259.95599	-22.95686	10.98
254.199907	-25.892975	10.98
258.968669	-30.35795	10.98
260.2539	-25.018654	10.98
255.858432	-21.878956	10.98
264.66501	-28.876081	10.98
259.588967	-22.255568	10.98
266.339256	-26.560959	10.98
265.885184	-28.30014	10.98
263.345891	-18.507843	10.98
263.937468	-28.178062	10.98
253.612247	-28.895395	10.99
258.536998	-25.436794	10.99
262.26213	-20.193403	10.99
262.61138	-29.027847	10.99
266.660849	-26.701777	10.99
255.090653	-28.323517	10.99
260.814617	-24.575581	10.99
258.43368	-31.023569	10.99
258.053853	-23.219326	10.99
252.491673	-21.458454	10.99
266.726013	-26.780981	10.99
267.509906	-26.813318	10.99
263.720009	-28.286268	10.99
261.738558	-27.360386	10.99
262.854934	-29.528162	10.99
263.798159	-20.362188	10.99
259.907546	-21.058294	10.99
261.774783	-28.725922	10.99
263.771758	-22.259556	10.99
256.797285	-25.634323	10.99
262.093832	-28.949409	10.99
252.796822	-22.62348	10.99
258.188218	-18.239765	11.0
257.193467	-27.830715	11.0
259.408346	-31.005835	11.0
261.939078	-25.60375	11.0
255.017252	-23.520096	11.0
257.746254	-30.444397	11.0
257.095895	-25.576029	11.0
262.810254	-21.742069	11.0
255.681301	-19.531364	11.0
264.801181	-30.140205	11.0
268.215759	-25.894505	11.0
258.88373	-30.550154	11.0
265.487329	-19.963188	11.0
262.363521	-17.506222	11.0
261.243901	-26.452986	11.0
256.321305	-23.503265	11.0
253.914172	-28.709045	11.0
254.909401	-23.584248	11.0
254.194723	-26.857067	11.0
252.930692	-22.949116	11.0
261.703365	-30.381378	11.0
258.22406	-31.076672	11.0
260.590898	-29.660168	11.0
254.047639	-21.897367	11.0
263.344162	-24.13443	11.0
259.800846	-20.510763	11.01
266.085559	-26.634172	11.01
254.503804	-27.711887	11.01
253.430363	-22.175434	11.01
262.573081	-17.712481	11.01
261.265214	-16.922705	11.01
265.958434	-25.866966	11.01
256.563217	-23.917494	11.01
264.450242	-29.557854	11.01
265.023673	-29.086607	11.01
254.849787	-20.711927	11.01
263.746319	-23.875689	11.01
259.301243	-20.623072	11.01
253.619843	-26.03857	11.01
256.663529	-20.751232	11.01
256.033284	-28.544538	11.01
259.152936	-20.299738	11.01
257.023974	-29.634649	11.01
259.128523	-28.901176	11.01
258.204691	-28.271708	11.02
260.737613	-29.581173	11.02
266.202246	-20.990795	11.02
262.804136	-18.096895	11.02
255.970775	-24.257273	11.02
253.94788	-27.210585	11.02
258.646784	-28.977295	11.02
257.534674	-28.210438	11.02
262.274678	-20.319933	11.02
257.13161	-22.552544	11.02
268.218219	-25.948803	11.02
255.536727	-28.323063	11.02
268.100969	-24.899302	11.02
259.578654	-30.844288	11.02
266.226587	-19.38068	11.02
253.354535	-27.985588	11.02
263.568272	-30.29553	11.02
261.443734	-30.672937	11.03
253.567348	-28.876179	11.03
260.282875	-17.328386	11.03
263.579005	-29.952026	11.03
254.348021	-27.969549	11.03
259.064225	-19.328638	11.03
263.416845	-18.415018	11.03
258.775522	-29.1231	11.03
260.614753	-20.78849	11.03
267.303663	-25.624052	11.03
256.634572	-24.123135	11.03
260.222713	-26.007887	11.03
261.38016	-17.661154	11.03
260.214705	-25.87722	11.03
261.568089	-28.978786	11.03
263.15122	-18.342667	11.03
255.212259	-18.535391	11.03
265.041131	-20.247314	11.03
261.314673	-25.649492	11.03
257.907719	-23.424257	11.03
266.134719	-26.66951	11.03
256.393174	-23.63965	11.03
256.383001	-20.929394	11.03
262.238253	-29.878199	11.03
258.550509	-26.846609	11.03
258.526044	-28.094229	11.03
258.90576	-30.788563	11.03
265.072806	-28.833666	11.03
257.538043	-25.594193	11.03
258.368319	-29.160557	11.03
262.158363	-29.198151	11.03
263.614905	-29.844086	11.03
260.992786	-17.166744	11.04
261.699925	-18.114897	11.04
262.576549	-16.728378	11.04
264.252628	-21.577906	11.04
265.168564	-19.7073	11.04
256.571696	-26.668941	11.04
252.96519	-22.313761	11.04
253.015177	-22.460474	11.04
254.325491	-27.281071	11.04
256.554428	-26.461723	11.04
256.292227	-23.88026	11.04
256.346955	-24.371197	11.04
260.064843	-20.589054	11.04
255.224583	-27.996874	11.04
258.167479	-17.788239	11.04
266.828198	-25.518127	11.04
253.039977	-24.547569	11.04
255.488566	-27.919621	11.05
254.338263	-27.003483	11.05
260.794042	-24.474089	11.05
261.350089	-26.384796	11.05
260.729214	-30.671593	11.05
264.544573	-24.243628	11.05
259.871056	-26.20363	11.05
254.808776	-24.771091	11.05
265.50446	-28.06843	11.05
258.578718	-27.355385	11.05
268.192534	-25.434299	11.05
259.072938	-29.357162	11.05
253.507751	-28.500566	11.05
263.766952	-29.892275	11.05
263.024025	-30.392483	11.05
253.775288	-28.015499	11.05
265.310569	-28.836145	11.05
258.484965	-17.95153	11.05
258.769222	-17.663563	11.05
262.170521	-21.604704	11.05
254.109436	-23.130424	11.05
264.633917	-29.625149	11.05
260.798935	-20.203329	11.05
260.323244	-29.326567	11.05
257.730184	-30.348122	11.05
258.024159	-25.140875	11.05
256.544678	-28.290562	11.06
255.33555	-27.574055	11.06
261.987134	-17.090773	11.06
267.819283	-24.510534	11.06
253.506958	-22.024515	11.06
261.951457	-27.615719	11.06
255.053118	-23.503263	11.06
263.714672	-23.817701	11.06
258.410859	-29.442846	11.06
267.008363	-26.715755	11.06
255.281373	-27.57394	11.06
262.848738	-23.044741	11.06
255.521654	-19.270638	11.06
263.126706	-18.398787	11.06
258.576803	-20.34408	11.06
256.992753	-29.219782	11.06
260.360226	-18.277315	11.06
263.419287	-18.495264	11.06
266.657674	-26.917681	11.06
257.647643	-30.439339	11.06
257.312563	-28.485701	11.06
259.961204	-26.668478	11.06
254.364395	-27.004763	11.06
263.058981	-17.819214	11.06
259.094527	-18.927675	11.06
257.147546	-28.226997	11.06
263.38216	-29.246132	11.06
257.477465	-30.017586	11.06
259.331226	-30.510557	11.07
262.663676	-30.0658	11.07
252.995679	-21.483006	11.07
259.4652	-20.114674	11.07
257.246143	-24.894705	11.07
256.62592	-24.710699	11.07
258.114615	-23.291059	11.07
266.958031	-21.099768	11.07
261.70191	-17.102806	11.07
261.288789	-18.309294	11.07
257.081765	-20.856129	11.07
263.863113	-29.513004	11.07
260.862165	-30.772812	11.07
258.708159	-19.124615	11.07
264.54837	-28.560955	11.07
257.839723	-31.179037	11.07
262.293269	-17.582174	11.07
261.227184	-29.026022	11.07
264.390616	-29.757027	11.07
265.422968	-29.329748	11.07
259.016334	-21.890741	11.07
266.060454	-25.971043	11.07
255.353209	-28.017912	11.07
261.058875	-28.990353	11.07
257.72953	-30.073683	11.08
256.452889	-20.987118	11.08
254.880404	-27.949324	11.08
262.583904	-28.611864	11.08
259.986181	-24.756603	11.08
254.734899	-27.655336	11.08
258.472394	-29.7185	11.08
258.258376	-26.808094	11.08
260.549042	-18.387556	11.08
259.181882	-17.652424	11.08
260.006427	-27.983839	11.08
262.143184	-29.40942	11.08
256.810108	-29.721779	11.08
254.286444	-27.074167	11.08
257.505878	-23.836399	11.08
268.405647	-26.057344	11.08
256.755361	-24.531237	11.08
261.882807	-17.86063	11.08
265.749281	-28.176529	11.08
264.811373	-30.105627	11.08
265.141771	-29.269636	11.08
265.142347	-20.914808	11.08
265.907691	-28.455572	11.08
259.635155	-26.377813	11.08
261.517215	-30.612858	11.08
253.873283	-22.925526	11.08
262.805188	-22.360325	11.08
263.999049	-22.516685	11.08
260.15996	-19.397181	11.08
256.010875	-19.077053	11.08
253.549672	-24.566248	11.08
262.765581	-30.203341	11.08
257.986375	-26.985464	11.09
255.39976	-26.791872	11.09
262.464	-18.05932	11.09
260.031563	-23.901241	11.09
256.495084	-22.757153	11.09
263.099407	-18.068462	11.09
260.728533	-30.408358	11.09
259.313118	-30.166183	11.09
255.412431	-25.692528	11.09
253.811159	-27.780579	11.09
265.428117	-28.077736	11.09
256.578398	-25.197359	11.09
253.742746	-27.99968	11.09
260.799237	-20.648254	11.09
256.681612	-29.136597	11.09
253.86899	-25.80735	11.09
259.48798	-20.289169	11.09
261.164834	-26.305662	11.09
261.547118	-30.258387	11.09
254.445658	-27.732262	11.09
266.334816	-26.630051	11.09
254.32634	-28.339575	11.09
260.120513	-18.739237	11.09
254.349273	-23.754379	11.09
259.103545	-30.530699	11.09
265.818003	-28.478737	11.09
257.762043	-23.574781	11.09
264.931283	-20.875395	11.09
255.175807	-27.806545	11.09
255.500973	-28.163883	11.09
268.029449	-26.340076	11.09
257.435334	-26.247129	11.1
257.39357	-22.336939	11.1
256.990759	-23.787521	11.1
255.477835	-27.679861	11.1
264.039412	-23.011944	11.1
258.418518	-28.174187	11.1
253.811118	-27.742605	11.1
261.242525	-26.397251	11.1
257.108302	-28.364614	11.1
262.93195	-23.571251	11.1
263.573053	-20.28414	11.1
264.933185	-29.360369	11.1
265.67787	-27.908894	11.1
261.597268	-30.215111	11.1
262.299139	-29.167662	11.1
261.153305	-23.490665	11.1
257.914137	-30.642317	11.1
259.126651	-27.632523	11.1
262.975229	-16.885912	11.1
256.000748	-19.526558	11.1
256.569276	-19.125267	11.11
266.799249	-26.533138	11.11
253.78762	-25.516874	11.11
268.088889	-26.282539	11.11
262.459043	-30.444601	11.11
262.535395	-16.749847	11.11
266.473082	-24.874453	11.11
258.18437	-18.472906	11.11
265.73172	-21.052998	11.11
264.609598	-29.22241	11.11
257.914377	-29.104612	11.11
256.688165	-29.216747	11.11
265.983478	-20.918978	11.11
263.423704	-29.34458	11.11
260.238638	-17.196634	11.11
268.244827	-24.983503	11.11
253.55549	-25.556166	11.11
266.082281	-20.535624	11.11
259.46367	-20.68067	11.11
255.539241	-27.302628	11.11
258.443059	-26.583996	11.11
263.739606	-30.246758	11.11
255.111978	-28.407324	11.11
253.652445	-28.257835	11.11
257.001453	-18.040344	11.11
261.136888	-29.536549	11.11
263.001324	-17.348385	11.12
261.367842	-27.70154	11.12
253.966353	-25.460344	11.12
267.565894	-24.474489	11.12
265.347286	-28.774603	11.12
257.864054	-24.346909	11.12
257.304774	-25.069035	11.12
263.895329	-23.856045	11.12
257.342509	-30.828527	11.12
258.299104	-25.312256	11.12
256.458692	-21.870333	11.12
255.770354	-28.394411	11.12
260.458251	-23.777225	11.12
255.080978	-23.871635	11.12
253.530746	-26.842411	11.12
264.306037	-29.865202	11.12
254.994447	-26.375343	11.12
261.135005	-30.11952	11.12
258.138159	-18.462376	11.12
254.875175	-22.13402	11.12
261.281589	-28.969439	11.13
255.579422	-19.281321	11.13
261.525761	-30.387527	11.13
260.033041	-18.994825	11.13
257.883637	-26.524944	11.13
260.578146	-30.810116	11.13
253.179953	-20.978695	11.13
262.270712	-29.581614	11.13
252.923171	-24.874027	11.13
257.477585	-21.819632	11.13
265.142366	-30.023924	11.13
264.267772	-23.283995	11.13
260.299879	-30.115274	11.13
257.563721	-24.206099	11.13
253.623805	-26.77253	11.13
253.379632	-28.447906	11.13
259.780569	-18.58901	11.13
259.320341	-19.200014	11.13
258.092673	-22.330088	11.13
257.900183	-26.208179	11.13
258.928178	-18.182659	11.13
261.583557	-29.531069	11.13
255.021459	-27.842916	11.13
258.335625	-23.439243	11.13
267.701731	-26.101551	11.13
259.113238	-21.050526	11.14
262.975127	-30.219887	11.14
261.545896	-29.997711	11.14
258.627246	-31.174994	11.14
259.15241	-24.220148	11.14
266.285436	-25.241468	11.14
264.650834	-29.172075	11.14
260.025075	-29.156469	11.14
261.803159	-30.090593	11.14
266.951747	-25.477125	11.14
266.604754	-25.527365	11.14
252.780229	-22.80134	11.14
262.727599	-29.888964	11.14
262.64141	-29.675941	11.14
261.231654	-29.039637	11.14
261.959991	-28.7724	11.14
263.674831	-20.889315	11.14
256.429889	-26.676914	11.14
257.201228	-30.919283	11.14
264.911461	-28.543726	11.14
257.04395	-25.16107	11.14
260.551311	-30.883518	11.14
253.476485	-28.464516	11.14
256.684822	-25.611433	11.14
254.136738	-23.094322	11.14
260.822716	-22.866468	11.14
257.509886	-30.714455	11.14
266.001337	-29.247055	11.14
264.118792	-22.791609	11.14
260.703168	-30.517326	11.14
260.416401	-29.603024	11.14
255.257272	-28.608484	11.14
259.316656	-31.03245	11.15
257.157964	-20.671495	11.15
257.498394	-17.683306	11.15
257.678523	-29.068642	11.15
253.029604	-21.811459	11.15
257.295889	-29.902596	11.15
263.867854	-28.870253	11.15
258.292803	-30.973789	11.15
256.973174	-21.597769	11.15
265.233408	-27.982685	11.15
257.541824	-21.553507	11.15
255.537803	-27.306431	11.15
266.529512	-25.698725	11.15
267.73318	-25.489496	11.15
263.61026	-29.994385	11.15
261.749716	-18.080214	11.15
258.79506	-19.527981	11.15
264.919065	-20.487844	11.15
259.134486	-30.604057	11.15
259.508294	-20.042206	11.15
253.429857	-22.055412	11.15
264.329626	-29.86195	11.15
258.222847	-25.304012	11.15
262.651404	-29.53826	11.15
265.789747	-20.440872	11.15
254.006613	-28.408718	11.15
268.502512	-25.890495	11.15
266.744604	-26.502789	11.15
257.369114	-30.702538	11.15
254.087957	-25.223757	11.15
254.990922	-27.883188	11.15
262.272891	-29.203457	11.15
257.640824	-31.141937	11.15
259.451275	-17.452511	11.15
259.688812	-20.79867	11.16
258.37543	-24.058781	11.16
258.63147	-29.904024	11.16
261.917298	-29.313375	11.16
261.53234	-17.011904	11.16
262.446428	-29.722696	11.16
259.024477	-29.419962	11.16
267.554282	-24.863638	11.16
262.900049	-16.94298	11.16
256.252201	-17.80369	11.16
256.69287	-24.055576	11.16
253.542865	-24.540047	11.16
261.368605	-30.132645	11.16
262.201078	-29.441174	11.16
265.803884	-28.417376	11.16
256.393942	-27.076674	11.16
261.478301	-30.515881	11.16
262.65184	-29.149982	11.16
254.810494	-28.542341	11.16
268.396217	-25.908052	11.16
260.770645	-26.000666	11.16
260.965089	-27.864706	11.16
258.468662	-25.433943	11.16
265.733896	-29.298271	11.16
261.513852	-29.559036	11.16
260.670686	-30.370373	11.16
258.182208	-31.238997	11.16
259.508041	-30.863098	11.17
263.479506	-21.498762	11.17
256.726863	-22.008932	11.17
266.934177	-26.616076	11.17
253.288797	-25.336521	11.17
259.471182	-23.225769	11.17
259.470904	-19.188734	11.17
262.397421	-30.335979	11.17
258.159554	-23.198233	11.17
260.962714	-29.401102	11.17
255.169421	-28.667812	11.17
264.990364	-28.427162	11.17
262.635406	-29.047533	11.17
253.746339	-26.563288	11.17
267.263865	-24.655357	11.17
263.982736	-20.366653	11.17
258.279943	-30.733252	11.17
260.144379	-21.252064	11.18
254.620909	-26.417475	11.18
268.213135	-26.376938	11.18
261.241581	-16.913984	11.18
262.816152	-30.416588	11.18
256.860896	-25.476585	11.18
255.29779	-25.701757	11.18
253.374679	-28.281893	11.18
259.148469	-23.218008	11.18
259.159873	-19.046839	11.18
262.491402	-17.612301	11.18
261.939422	-28.357824	11.18
254.057439	-28.102659	11.18
257.942194	-26.223536	11.18
253.862258	-27.818205	11.18
257.434696	-30.063129	11.18
259.687907	-18.241039	11.18
259.006957	-17.746342	11.18
258.133794	-31.191219	11.18
264.43764	-23.370993	11.18
258.072134	-23.213829	11.18
259.257487	-23.087288	11.18
256.763239	-26.826279	11.18
267.483214	-25.016796	11.18
256.710291	-29.249407	11.18
259.176546	-19.124002	11.18
260.179355	-20.210497	11.18
268.085139	-24.674047	11.18
258.130953	-24.686735	11.18
261.675185	-30.078876	11.18
264.112845	-23.799212	11.18
264.065803	-20.757278	11.18
266.458042	-21.011971	11.19
268.092579	-25.392685	11.19
258.439838	-30.351229	11.19
257.705477	-30.577127	11.19
259.029471	-17.746098	11.19
257.11142	-26.994284	11.19
267.890429	-24.939796	11.19
255.247027	-24.940346	11.19
256.715909	-21.926273	11.19
267.539379	-24.846359	11.19
256.160956	-25.525667	11.19
262.919062	-30.549004	11.19
266.902165	-25.484018	11.19
257.741174	-29.493196	11.19
260.654443	-20.74604	11.19
259.742601	-20.756193	11.19
259.389359	-21.724518	11.19
253.696043	-26.041271	11.19
262.985808	-17.417437	11.19
265.19891	-29.983089	11.19
259.400473	-30.019812	11.19
259.045725	-20.258867	11.19
256.353442	-26.776833	11.19
263.639767	-20.231098	11.19
258.547589	-30.961559	11.19
261.841065	-30.24579	11.19
255.074967	-28.61981	11.19
252.965742	-21.356461	11.19
266.481637	-20.910671	11.2
256.654765	-24.272167	11.2
259.32383	-29.873159	11.2
255.507424	-26.80018	11.2
256.315436	-18.488792	11.2
256.541158	-27.763704	11.2
266.891034	-20.964554	11.2
255.250653	-25.743767	11.2
263.886733	-23.855234	11.2
266.40858	-20.740236	11.2
268.347927	-25.526106	11.2
265.082554	-28.764484	11.2
264.020124	-29.014769	11.2
255.851719	-22.651487	11.2
268.15524	-26.692612	11.2
254.63536	-25.398682	11.2
261.205918	-23.442841	11.2
256.713476	-22.251057	11.2
264.109435	-20.693569	11.2
254.42812	-27.134018	11.2
261.638099	-17.050354	11.2
257.081019	-19.702724	11.2
256.248575	-19.188324	11.21
260.058152	-17.361187	11.21
260.155505	-24.935703	11.21
257.065824	-18.784161	11.21
264.303971	-28.978594	11.21
261.120704	-27.694908	11.21
262.142776	-29.27807	11.21
264.73667	-30.253437	11.21
260.748934	-24.197035	11.21
261.255191	-29.99551	11.21
265.221531	-29.920765	11.21
267.608089	-25.821278	11.21
260.797934	-25.840816	11.21
262.840721	-20.558214	11.21
267.103827	-26.691641	11.21
266.099903	-25.537451	11.21
257.328915	-23.977074	11.21
256.014107	-24.27726	11.21
253.173163	-21.229507	11.21
261.994836	-27.680492	11.21
267.564321	-25.328545	11.21
260.633797	-30.369621	11.21
258.490139	-17.35207	11.21
253.015674	-22.937386	11.21
266.413496	-26.209715	11.21
263.220577	-23.341908	11.21
254.257382	-22.640118	11.21
254.335699	-27.883001	11.21
254.646907	-26.538136	11.22
265.196285	-29.741516	11.22
257.440939	-30.651052	11.22
254.901992	-26.700279	11.22
258.781359	-17.779207	11.22
260.97869	-20.355196	11.22
259.324321	-17.433187	11.22
263.281109	-16.928284	11.22
254.002803	-25.502369	11.22
260.767445	-18.946379	11.22
253.828318	-27.999537	11.22
256.507802	-24.572399	11.22
268.205883	-26.728851	11.22
259.269974	-21.766396	11.22
260.470838	-18.37291	11.22
268.1671	-24.707291	11.22
255.550885	-20.858316	11.22
260.061091	-18.966686	11.22
260.429928	-18.048021	11.22
260.382293	-30.339561	11.22
253.024634	-21.778566	11.22
265.131351	-28.224014	11.22
265.237444	-28.397202	11.22
257.713428	-24.126244	11.22
266.774914	-25.839724	11.22
253.860646	-25.117575	11.22
263.301044	-19.706366	11.22
262.922563	-23.089563	11.22
262.172981	-28.606569	11.22
262.215199	-29.548023	11.22
261.03059	-29.784189	11.22
253.912042	-27.243135	11.23
263.69989	-20.642387	11.23
263.740793	-20.91885	11.23
255.038698	-25.723253	11.23
267.244976	-25.765676	11.23
259.659204	-27.272909	11.23
264.707638	-19.827309	11.23
259.78511	-26.792648	11.23
265.002047	-21.128363	11.23
258.442969	-23.532772	11.23
267.696056	-25.031231	11.23
257.428375	-31.19812	11.23
264.539219	-23.880995	11.23
265.790645	-20.44109	11.23
260.784107	-24.522509	11.23
261.701215	-26.491989	11.23
261.304519	-29.294197	11.23
261.835464	-30.676071	11.23
266.170891	-26.645939	11.23
256.990763	-20.592196	11.23
254.075271	-28.396807	11.23
261.378723	-27.168137	11.23
263.304821	-18.617531	11.23
256.911095	-19.267994	11.23
256.926947	-20.49506	11.23
266.885002	-25.36459	11.23
260.255472	-24.838799	11.24
262.805147	-29.95212	11.24
255.533697	-28.177296	11.24
261.708887	-29.151119	11.24
258.429852	-23.586323	11.24
257.084865	-28.273691	11.24
256.174112	-25.242958	11.24
265.916714	-21.242189	11.24
260.223781	-18.995884	11.24
255.976135	-28.499233	11.24
265.986264	-18.981653	11.24
261.461592	-17.386736	11.24
267.988798	-26.599741	11.24
265.450792	-19.776279	11.24
257.562928	-26.751266	11.24
268.626027	-26.425829	11.24
264.230918	-28.223515	11.24
259.376999	-30.244335	11.24
268.306681	-26.013115	11.24
257.682931	-28.074944	11.24
263.509762	-29.671131	11.24
264.878049	-28.969816	11.24
267.331213	-25.319189	11.24
256.328469	-23.648258	11.24
262.127075	-28.595036	11.24
260.518494	-25.100243	11.24
261.651873	-29.451925	11.24
259.392104	-17.875895	11.24
259.395017	-29.830641	11.25
263.091909	-18.452641	11.25
253.951477	-28.56391	11.25
268.026097	-24.731716	11.25
262.629779	-17.00563	11.25
263.83828	-29.668072	11.25
254.157393	-22.514338	11.25
258.40325	-31.156462	11.25
260.261941	-20.206596	11.25
259.451526	-17.619852	11.25
263.753678	-29.742592	11.25
266.300386	-20.210518	11.25
261.838253	-17.01618	11.25
266.419484	-26.916128	11.25
257.90346	-30.64097	11.25
262.033931	-21.93137	11.25
267.077073	-26.098345	11.25
255.764041	-19.553461	11.25
261.371915	-27.607277	11.25
264.989972	-20.294403	11.25
260.160332	-29.089861	11.25
255.738823	-28.492979	11.25
263.334605	-19.940338	11.25
262.560964	-29.492517	11.25
262.56271	-30.599312	11.25
263.743224	-23.803564	11.25
267.699282	-25.087	11.25
257.041742	-26.617861	11.25
258.87012	-18.700542	11.25
268.127833	-24.738865	11.25
258.027238	-30.871519	11.26
260.622096	-26.56258	11.26
265.670329	-29.331553	11.26
261.915284	-30.058632	11.26
265.353779	-28.4002	11.26
262.353716	-29.74226	11.26
259.723095	-26.809689	11.26
259.684239	-27.247358	11.26
262.869105	-17.933268	11.26
265.165304	-30.074598	11.26
258.263489	-28.196814	11.26
256.289592	-24.898981	11.26
266.834406	-21.106602	11.26
253.90336	-28.486595	11.26
258.215743	-23.961374	11.26
259.717788	-22.007471	11.26
256.644622	-23.94474	11.26
253.515778	-24.53159	11.26
253.213297	-25.937822	11.26
260.386237	-20.744385	11.26
253.089415	-26.091501	11.26
260.032223	-27.774405	11.26
255.603128	-25.849829	11.26
256.229814	-25.219757	11.26
258.695778	-29.942236	11.26
262.494978	-29.564371	11.26
257.436379	-21.851822	11.26
261.726393	-29.441143	11.26
260.596427	-27.825678	11.26
255.520229	-28.305593	11.26
261.294103	-27.763472	11.26
261.304015	-27.71559	11.26
255.29761	-27.098747	11.26
257.529872	-30.341055	11.26
257.294876	-20.936922	11.27
256.44891	-27.072235	11.27
266.747854	-20.855881	11.27
259.735722	-20.485453	11.27
256.229154	-22.020239	11.27
267.518274	-25.729086	11.27
260.537278	-20.235241	11.27
260.784849	-30.637548	11.27
267.192505	-26.587603	11.27
255.152264	-23.799854	11.27
262.382833	-29.715029	11.27
260.490763	-25.961699	11.27
254.900956	-28.566725	11.27
265.099976	-28.094604	11.27
260.246117	-22.836864	11.27
253.641814	-25.578297	11.27
261.19597	-27.650879	11.27
258.416416	-24.970165	11.27
259.227912	-24.218552	11.27
262.860115	-21.750338	11.27
266.633873	-26.508991	11.27
254.285984	-27.029074	11.27
259.003829	-30.746592	11.27
255.559878	-27.059546	11.27
261.217581	-29.498554	11.27
264.247871	-29.623508	11.27
259.293013	-25.091629	11.27
261.321863	-29.800093	11.27
257.365387	-20.447269	11.27
260.897244	-20.237453	11.27
255.662242	-27.837088	11.27
259.458963	-20.560474	11.27
260.970206	-27.788248	11.27
259.484283	-22.203758	11.27
259.49721	-20.743101	11.27
261.00953	-29.341137	11.27
265.739822	-28.473257	11.28
264.380513	-29.522469	11.28
263.624967	-20.645897	11.28
256.052958	-21.887909	11.28
253.224665	-25.221977	11.28
262.612935	-29.482567	11.28
263.931334	-21.654253	11.28
266.786948	-20.870472	11.28
265.389637	-28.456463	11.28
260.761678	-26.103472	11.28
255.167903	-27.977757	11.28
255.899135	-28.126381	11.28
257.797635	-28.09499	11.28
256.505321	-26.675425	11.28
255.224229	-24.10808	11.28
267.017124	-26.875587	11.28
261.591213	-30.697495	11.28
256.443409	-24.517588	11.28
257.353706	-25.126081	11.28
261.615642	-29.122473	11.28
260.767068	-22.000267	11.28
258.299049	-28.202124	11.28
268.490614	-25.968121	11.28
261.505984	-29.387804	11.28
261.160778	-29.046171	11.28
256.244393	-25.611263	11.29
260.088122	-21.251652	11.29
263.197398	-16.847488	11.29
263.194572	-16.829983	11.29
260.23781	-19.375835	11.29
266.76433	-25.9405	11.29
268.036092	-26.271605	11.29
256.278107	-19.126091	11.29
258.591335	-26.835485	11.29
254.342997	-28.372362	11.29
267.750574	-26.384924	11.29
255.438052	-28.227983	11.29
255.440505	-26.906847	11.29
263.043031	-18.044317	11.29
263.948659	-20.686773	11.29
258.614417	-19.136223	11.29
262.515465	-17.663742	11.29
261.243055	-30.290752	11.29
259.040691	-21.932341	11.29
260.598606	-18.354704	11.29
254.390968	-27.124569	11.29
259.244392	-17.636127	11.29
267.694473	-26.781342	11.29
260.716115	-26.048729	11.29
266.205998	-19.433994	11.29
258.256741	-26.110422	11.29
263.581094	-21.056067	11.29
263.832834	-20.563028	11.29
254.012989	-22.014627	11.29
253.914837	-27.968287	11.29
263.678763	-19.587749	11.29
262.552189	-28.982731	11.29
266.32651	-19.980024	11.3
262.12122	-17.772947	11.3
264.195455	-21.58717	11.3
255.41111	-24.895834	11.3
268.549746	-26.397831	11.3
253.837435	-25.886072	11.3
260.511553	-23.368845	11.3
264.615045	-23.048452	11.3
261.989709	-29.159861	11.3
268.241927	-25.341249	11.3
258.933657	-29.774994	11.3
264.850253	-21.059996	11.3
257.40949	-20.43593	11.3
256.858501	-24.681824	11.3
265.174726	-20.86702	11.3
257.289892	-20.999575	11.3
261.302397	-25.713861	11.3
265.835766	-28.41798	11.3
255.540468	-19.048634	11.3
264.859845	-29.734423	11.3
260.803217	-18.9846	11.3
257.097386	-22.347466	11.3
261.295859	-24.562208	11.3
254.156265	-28.296228	11.3
256.845769	-30.30117	11.3
266.011142	-20.968904	11.3
252.722054	-22.611725	11.3
259.3867	-17.877903	11.3
261.863975	-29.350168	11.3
259.383793	-21.6602	11.3
262.167194	-29.43486	11.3
261.762362	-20.519192	11.3
260.763378	-25.885555	11.3
258.486986	-19.339046	11.31
260.323842	-20.282207	11.31
255.237555	-24.771599	11.31
266.993186	-26.123066	11.31
260.480571	-18.315615	11.31
262.300867	-29.901596	11.31
255.365993	-26.769993	11.31
254.910182	-23.642958	11.31
261.51568	-29.439495	11.31
264.853898	-29.655846	11.31
256.281656	-24.786127	11.31
262.557781	-29.847937	11.31
254.08453	-25.256168	11.31
258.569439	-17.354155	11.31
264.60232	-23.874922	11.31
252.894075	-22.949839	11.31
264.535904	-23.422268	11.31
260.509357	-17.428631	11.31
261.013856	-29.512993	11.31
267.348568	-25.487564	11.31
268.057069	-24.746746	11.31
259.169654	-18.539076	11.31
258.727433	-29.173651	11.31
261.377194	-29.455288	11.31
257.269308	-28.43951	11.31
253.589948	-27.186703	11.31
256.788202	-26.455759	11.31
265.835679	-20.8668	11.31
257.07689	-29.185816	11.31
255.863231	-28.072323	11.31
265.220533	-28.199846	11.31
254.647466	-21.949055	11.31
264.588085	-29.712315	11.32
263.578224	-23.280684	11.32
256.175764	-17.979275	11.32
254.235663	-27.012384	11.32
257.413408	-19.016651	11.32
260.911746	-30.636517	11.32
253.374115	-27.901497	11.32
254.015639	-25.436794	11.32
266.950875	-25.529425	11.32
260.80802	-20.666204	11.32
256.584725	-23.83486	11.32
259.684839	-20.812401	11.32
262.931881	-30.178305	11.32
264.014399	-22.445242	11.32
261.462503	-29.546434	11.32
257.973795	-23.181316	11.32
254.405322	-26.979881	11.32
256.313741	-19.725498	11.32
263.406763	-18.706863	11.32
252.764648	-22.721239	11.32
260.829275	-29.205391	11.32
256.725082	-26.812744	11.32
257.560358	-25.447641	11.32
256.973324	-20.559282	11.32
257.208837	-26.60634	11.32
261.685319	-26.402925	11.32
261.131412	-23.647276	11.32
263.330826	-28.324364	11.32
267.940448	-24.719496	11.32
254.860765	-25.130995	11.32
260.781031	-25.745447	11.32
265.915457	-29.157883	11.32
258.41738	-30.970953	11.32
267.73431	-26.557215	11.32
261.281959	-24.468491	11.32
257.766835	-19.33964	11.32
262.249932	-20.398857	11.32
257.778453	-19.611626	11.32
268.039547	-26.256989	11.32
257.360025	-29.343513	11.32
260.265415	-20.29195	11.33
264.543193	-23.068819	11.33
253.324837	-25.351704	11.33
267.810809	-26.392347	11.33
257.546421	-26.799685	11.33
256.327463	-24.83033	11.33
258.860774	-30.776476	11.33
259.482804	-30.935652	11.33
266.434874	-20.687313	11.33
253.897056	-21.223827	11.33
257.156052	-19.614445	11.33
259.121197	-18.828487	11.33
261.428159	-17.411386	11.33
254.479076	-23.93597	11.33
254.239488	-27.268387	11.33
254.22794	-24.59087	11.33
259.442913	-19.14106	11.33
257.336384	-24.402069	11.33
257.823173	-28.969919	11.33
255.218617	-26.707544	11.33
254.089389	-28.770227	11.33
268.016222	-25.019901	11.33
261.681152	-29.103416	11.33
253.499044	-26.907669	11.33
257.780949	-20.394587	11.33
255.380358	-25.302954	11.33
255.444729	-19.178383	11.33
261.533779	-29.151104	11.33
265.372915	-19.686298	11.33
261.525433	-17.667692	11.33
267.227275	-26.403418	11.33
259.513652	-22.258562	11.33
260.673101	-24.193745	11.33
261.746089	-27.36055	11.33
266.971747	-26.384096	11.33
259.998774	-26.345318	11.33
258.153608	-31.111275	11.34
256.012752	-21.40181	11.34
262.635029	-18.241728	11.34
264.997943	-20.802069	11.34
253.761213	-25.411699	11.34
264.121233	-29.360798	11.34
255.402521	-25.240973	11.34
261.075645	-29.488926	11.34
256.702218	-19.298868	11.34
259.791298	-18.579226	11.34
255.408506	-27.715017	11.34
257.439268	-17.61272	11.34
258.078879	-29.522261	11.34
262.116858	-28.873623	11.34
261.998763	-29.361378	11.34
257.73512	-30.588884	11.34
257.50467	-23.864637	11.34
259.318201	-21.785009	11.34
258.594432	-26.640175	11.34
267.841004	-25.752033	11.34
256.257066	-25.168936	11.34
263.274913	-28.991568	11.34
264.859552	-29.981815	11.34
258.368084	-17.930569	11.34
262.527757	-17.779163	11.34
254.413099	-23.78618	11.34
259.026749	-17.733452	11.34
262.418723	-30.478779	11.34
260.843576	-20.138512	11.34
256.84574	-26.596233	11.34
257.852175	-26.274094	11.34
254.364677	-27.288143	11.34
263.952722	-28.138834	11.34
253.950791	-27.750181	11.34
258.8831	-19.158714	11.34
258.498473	-19.29995	11.34
260.860476	-30.39975	11.34
257.044068	-30.526899	11.34
254.500091	-27.72864	11.35
261.731908	-30.023201	11.35
257.356251	-23.549967	11.35
259.744575	-23.638302	11.35
253.965422	-28.600395	11.35
260.551008	-21.345795	11.35
254.201678	-26.613688	11.35
257.807439	-29.047955	11.35
256.991427	-18.598385	11.35
258.785312	-30.430941	11.35
263.399419	-29.435678	11.35
264.981333	-29.146122	11.35
253.473215	-28.361462	11.35
265.546918	-21.259836	11.35
259.047966	-21.803431	11.35
267.822562	-26.049185	11.35
264.673171	-19.845121	11.35
255.882254	-28.562185	11.35
264.899976	-28.353386	11.35
268.268881	-25.959347	11.35
259.067132	-28.900129	11.35
255.853527	-28.019423	11.35
260.740125	-22.039532	11.35
254.039366	-25.751688	11.35
255.319331	-25.695234	11.36
268.656119	-26.276535	11.36
264.516411	-29.275682	11.36
267.120731	-26.33185	11.36
266.692233	-26.183254	11.36
263.50799	-29.934519	11.36
267.542025	-25.873217	11.36
253.520933	-21.075268	11.36
262.07862	-27.462599	11.36
261.647346	-29.408684	11.36
255.80499	-21.902351	11.36
265.756711	-29.923008	11.36
263.3256	-19.39773	11.36
256.568986	-22.618874	11.36
263.206269	-18.087988	11.36
259.559428	-30.270239	11.36
261.891307	-17.896627	11.36
256.40134	-21.746328	11.36
256.031248	-24.673458	11.36
256.419886	-27.25016	11.36
261.298848	-30.046103	11.36
255.016682	-26.730677	11.36
261.375467	-19.16828	11.36
263.281951	-17.112783	11.36
260.26102	-17.130281	11.37
268.388393	-25.882875	11.37
266.388638	-21.202833	11.37
266.194648	-20.913168	11.37
262.324112	-28.793499	11.37
259.506179	-23.222309	11.37
258.227926	-24.0536	11.37
263.474716	-23.290798	11.37
254.077027	-23.091497	11.37
257.965546	-26.503729	11.37
261.73002	-17.405296	11.37
262.765564	-18.653633	11.37
260.392506	-30.794064	11.37
265.06407	-29.611607	11.37
258.796392	-19.244078	11.37
257.275929	-29.525026	11.37
265.417686	-19.813667	11.37
267.4683	-24.758236	11.37
260.090024	-29.094067	11.37
261.268243	-29.098368	11.37
257.352014	-24.351809	11.37
255.599518	-19.738005	11.37
257.241949	-29.56406	11.37
265.026802	-21.061493	11.37
263.515623	-23.38102	11.37
268.118363	-26.70347	11.37
266.9988	-26.792778	11.37
267.660149	-24.727114	11.38
259.615263	-18.231367	11.38
264.49212	-28.946859	11.38
262.543758	-16.911741	11.38
257.391701	-19.071371	11.38
259.987919	-29.163715	11.38
265.383057	-30.021282	11.38
253.002913	-21.382034	11.38
257.551471	-23.912966	11.38
265.999654	-29.28228	11.38
257.347875	-17.782709	11.38
257.461214	-21.88452	11.38
262.496504	-17.721849	11.38
267.640607	-25.28203	11.38
260.562938	-25.727301	11.38
262.802982	-29.503305	11.38
257.809105	-24.39188	11.38
263.791641	-28.871649	11.38
265.998552	-25.87356	11.38
254.197204	-24.118111	11.38
267.027703	-25.350433	11.38
259.851712	-21.083647	11.38
259.103665	-17.992949	11.38
257.708064	-30.279202	11.38
267.906348	-25.592583	11.38
266.156132	-26.32378	11.38
257.167811	-19.721308	11.38
254.803182	-20.727415	11.38
259.913403	-19.986956	11.38
264.370872	-29.587238	11.38
262.812092	-29.461206	11.38
255.826058	-28.03043	11.38
256.79817	-29.800934	11.38
256.104064	-25.097097	11.38
257.042237	-24.202425	11.39
254.357394	-23.968456	11.39
257.165261	-25.306831	11.39
257.169023	-28.051058	11.39
257.664982	-24.347151	11.39
267.546157	-25.027868	11.39
260.543971	-30.829338	11.39
265.327777	-19.663376	11.39
260.335062	-18.124928	11.39
264.324116	-28.353714	11.39
257.898929	-26.971987	11.39
258.16853	-24.639755	11.39
255.835095	-19.553463	11.39
257.81909	-24.109619	11.39
268.000232	-26.403803	11.39
258.004917	-30.91342	11.39
258.59478	-30.215509	11.39
258.303463	-24.200949	11.39
261.38946	-29.509781	11.39
261.046269	-22.069708	11.39
252.741701	-22.976366	11.39
258.998761	-30.420059	11.39
258.340526	-24.183096	11.39
260.764859	-25.738171	11.39
262.136292	-30.241709	11.39
257.058384	-18.633915	11.39
259.302711	-30.40279	11.39
266.677027	-25.849745	11.39
262.174868	-29.137049	11.39
261.929887	-29.075315	11.39
259.327814	-28.903246	11.39
261.78328	-30.608021	11.39
252.630255	-20.905104	11.39
261.720885	-28.88505	11.39
256.296622	-25.72724	11.39
265.628792	-27.874001	11.39
263.538006	-21.448626	11.39
256.752417	-22.225657	11.39
255.428315	-27.952347	11.39
262.693055	-30.113676	11.39
262.657832	-17.72514	11.39
260.986934	-29.107885	11.39
267.855218	-24.966761	11.4
257.629637	-23.86142	11.4
260.366235	-18.365824	11.4
264.225602	-29.547314	11.4
264.38528	-28.339048	11.4
253.42157	-27.912603	11.4
264.978912	-28.273502	11.4
261.917248	-25.632252	11.4
267.798766	-25.482821	11.4
262.405107	-30.508074	11.4
257.061475	-29.16993	11.4
255.136134	-18.57679	11.4
261.176723	-24.457222	11.4
261.327527	-29.363546	11.4
257.601754	-30.932415	11.4
266.518489	-26.868578	11.4
255.075569	-18.234049	11.4
265.961337	-29.072607	11.4
262.726241	-16.956186	11.4
260.363737	-26.178398	11.4
261.328697	-26.455439	11.4
255.549217	-27.731522	11.4
261.594902	-28.641521	11.4
257.663497	-24.158087	11.4
257.121536	-20.614302	11.4
256.297803	-26.293142	11.4
253.959871	-24.731464	11.4
266.189332	-26.226538	11.4
266.138037	-26.788151	11.4
267.945343	-26.136961	11.4
259.495868	-30.969671	11.4
259.534463	-20.354937	11.4
254.883973	-27.044956	11.4
259.202822	-30.890196	11.4
262.143371	-30.239674	11.4
263.180674	-19.845459	11.4
253.992968	-27.990934	11.41
267.199725	-24.627462	11.41
268.072585	-24.546988	11.41
253.020594	-21.377502	11.41
254.806157	-22.361629	11.41
260.65435	-26.141586	11.41
262.653512	-29.514362	11.41
260.461611	-29.251698	11.41
258.754736	-21.046982	11.41
256.419353	-26.408054	11.41
259.563308	-30.355831	11.41
265.327504	-20.155216	11.41
260.830752	-20.258724	11.41
258.059977	-25.215487	11.41
255.362021	-19.082834	11.41
255.000277	-28.394464	11.41
260.21961	-17.334805	11.41
259.46218	-29.771332	11.41
256.538787	-27.10935	11.41
259.177791	-17.928049	11.41
262.916334	-17.886379	11.41
255.211152	-27.595415	11.41
255.99731	-23.601965	11.41
255.982728	-18.953129	11.41
266.256251	-26.538441	11.41
266.431138	-24.899126	11.41
254.443319	-22.276743	11.41
262.16985	-28.915344	11.41
262.296257	-29.291624	11.41
258.45041	-29.164734	11.41
259.341219	-21.71999	11.41
259.763699	-26.882561	11.41
258.486252	-24.273497	11.41
261.856336	-24.782269	11.42
264.810096	-29.654581	11.42
265.968307	-21.29785	11.42
261.267046	-24.60261	11.42
268.031627	-26.596045	11.42
261.226912	-24.536718	11.42
261.339291	-29.107044	11.42
260.632844	-26.625338	11.42
265.219636	-30.033697	11.42
253.274452	-21.27924	11.42
261.730616	-17.061758	11.42
268.058277	-24.597673	11.42
262.390159	-28.882433	11.42
261.777403	-17.108116	11.42
267.866805	-26.659845	11.42
253.593194	-25.550093	11.42
262.912616	-30.486801	11.42
253.562255	-28.361628	11.42
265.41875	-28.217466	11.42
261.375874	-27.118675	11.42
263.06568	-17.320555	11.42
259.996456	-25.07081	11.42
255.653658	-27.440557	11.42
264.586031	-28.520809	11.42
262.893513	-22.362061	11.42
256.594422	-28.236963	11.42
253.503022	-26.788689	11.42
256.884276	-24.698263	11.42
259.341644	-31.007868	11.42
256.242519	-23.873875	11.42
255.520305	-27.074341	11.42
257.480945	-26.284679	11.42
255.544497	-25.799908	11.42
263.76038	-20.660912	11.42
259.430316	-30.87945	11.42
262.141407	-29.085985	11.43
260.365716	-20.461216	11.43
265.047921	-28.036612	11.43
255.959524	-24.266508	11.43
265.444867	-29.957832	11.43
257.324007	-29.321857	11.43
264.094091	-22.812515	11.43
263.510518	-23.027262	11.43
267.408428	-25.092222	11.43
266.006982	-19.033421	11.43
260.538489	-26.593937	11.43
259.217411	-17.995274	11.43
265.252817	-29.732235	11.43
261.796507	-17.037067	11.43
262.012288	-29.160254	11.43
255.015737	-27.003937	11.43
253.766396	-20.938438	11.43
262.042953	-29.288473	11.43
266.718478	-20.845453	11.43
256.26907	-23.612663	11.43
265.390078	-28.806637	11.43
254.856277	-24.188395	11.43
261.849093	-16.870262	11.43
255.176454	-25.500437	11.43
262.60125	-30.355297	11.43
264.718451	-30.152573	11.43
265.813757	-21.060984	11.43
258.689727	-18.921743	11.43
266.384922	-26.771645	11.43
258.692908	-21.082071	11.43
261.491766	-29.138725	11.43
252.996315	-21.828522	11.43
265.419482	-21.449528	11.43
262.702251	-17.916862	11.43
260.281964	-26.460592	11.43
260.504133	-25.670185	11.43
261.716121	-17.894716	11.43
255.725166	-26.986296	11.43
261.358249	-29.238815	11.43
256.345717	-27.020109	11.43
261.186491	-30.321831	11.43
255.95918	-18.941921	11.43
258.414684	-23.601192	11.43
264.111202	-29.669868	11.44
259.531025	-20.853958	11.44
256.728094	-19.269394	11.44
265.787902	-20.847906	11.44
255.237953	-25.827423	11.44
253.810369	-25.992319	11.44
258.509563	-30.925419	11.44
267.868847	-26.118196	11.44
257.051762	-24.252239	11.44
258.728789	-29.220819	11.44
266.729625	-24.908714	11.44
253.74256	-25.849997	11.44
255.353057	-25.583153	11.44
259.908016	-21.250772	11.44
267.074343	-26.350355	11.44
255.274045	-28.633009	11.44
255.062335	-25.435658	11.44
257.828627	-20.385071	11.44
254.125913	-23.134855	11.44
261.768842	-28.720375	11.44
255.896881	-21.930321	11.44
262.180509	-30.389418	11.44
261.45309	-17.816301	11.44
265.032144	-30.127941	11.44
266.498952	-26.117245	11.45
260.219541	-24.893511	11.45
265.408423	-27.945776	11.45
252.788203	-21.82016	11.45
260.099011	-24.134937	11.45
259.48841	-23.695955	11.45
265.689849	-28.126066	11.45
265.320207	-29.974579	11.45
255.108561	-27.091215	11.45
260.986757	-30.061356	11.45
263.623455	-21.014235	11.45
257.4744	-30.072609	11.45
264.713304	-23.801289	11.45
261.189905	-29.473993	11.45
260.600937	-20.278242	11.45
260.941203	-27.589478	11.45
254.416981	-27.140556	11.45
260.58135	-18.795931	11.45
260.989479	-23.25489	11.45
255.661263	-19.039139	11.45
256.229268	-24.911587	11.45
257.147015	-22.426855	11.45
256.840333	-25.04328	11.45
260.006778	-21.028547	11.45
267.673666	-26.092295	11.45
254.950606	-21.32155	11.45
262.221501	-29.352207	11.45
258.458438	-23.645779	11.45
266.556844	-25.493382	11.45
261.942644	-17.160049	11.45
256.077761	-25.020176	11.45
261.319499	-19.168129	11.45
258.33689	-18.66923	11.45
253.850873	-23.975431	11.45
253.803279	-22.567417	11.45
255.221008	-23.489332	11.45
259.028376	-17.733759	11.46
254.506011	-28.198425	11.46
262.542542	-30.256845	11.46
257.614811	-23.799335	11.46
254.536411	-24.82641	11.46
261.191722	-26.200056	11.46
266.489198	-26.234692	11.46
261.415275	-30.730644	11.46
257.707075	-23.402527	11.46
261.684865	-16.977571	11.46
261.694543	-16.862223	11.46
255.218327	-24.78573	11.46
254.854766	-27.184067	11.46
262.125845	-30.424706	11.46
262.121056	-17.767481	11.46
261.358749	-30.112457	11.46
259.057174	-30.699368	11.46
262.358595	-28.650715	11.46
261.192322	-16.967976	11.46
257.146224	-23.984592	11.46
266.030723	-20.602121	11.46
257.048605	-25.507725	11.46
254.379546	-23.85169	11.46
267.724565	-26.158648	11.46
267.717783	-25.045275	11.46
267.619664	-25.952469	11.46
266.585189	-20.109705	11.46
263.888666	-20.631113	11.46
264.536188	-23.422272	11.46
256.52789	-18.138149	11.46
259.317077	-20.663733	11.46
260.957474	-17.13386	11.46
261.034499	-29.827839	11.46
266.688048	-26.796432	11.46
263.801104	-23.783197	11.46
263.447885	-22.246637	11.46
263.376106	-16.606997	11.46
254.141692	-25.835842	11.46
256.936061	-21.56542	11.46
254.092269	-25.330191	11.46
257.322702	-27.806341	11.47
258.360944	-31.131899	11.47
261.968554	-28.93232	11.47
256.455958	-26.876398	11.47
259.805792	-23.500334	11.47
259.718743	-18.570889	11.47
258.553021	-19.353785	11.47
255.798748	-28.123796	11.47
258.810928	-20.89226	11.47
256.556562	-26.68252	11.47
256.545336	-24.828135	11.47
261.397903	-30.739462	11.47
258.767482	-18.922651	11.47
266.251156	-20.179541	11.47
265.81626	-28.33353	11.47
262.529582	-29.689285	11.47
261.321973	-26.393921	11.47
254.371134	-25.247446	11.47
263.513269	-29.751671	11.47
264.258658	-23.891493	11.47
253.296041	-25.377684	11.47
264.201314	-29.338095	11.47
257.590162	-18.866669	11.47
253.021644	-25.464796	11.47
266.080622	-18.990376	11.47
257.769915	-20.651541	11.47
256.884222	-19.504202	11.47
254.445321	-23.98041	11.47
262.163757	-30.374321	11.47
256.392136	-18.516232	11.48
259.859274	-18.020752	11.48
253.800951	-25.163731	11.48
256.940984	-29.054264	11.48
257.187524	-29.548662	11.48
263.805425	-21.69978	11.48
253.83203	-27.871031	11.48
259.619624	-21.010469	11.48
266.781212	-26.438334	11.48
256.246989	-25.680979	11.48
258.152877	-29.556419	11.48
258.550453	-27.825426	11.48
258.526887	-26.889799	11.48
261.320031	-29.58263	11.48
265.078338	-20.815659	11.48
259.376809	-17.419029	11.48
266.56531	-20.115482	11.48
256.338551	-25.76482	11.48
255.071345	-28.085554	11.48
261.642697	-17.249901	11.48
258.201847	-31.090107	11.48
257.20875	-29.043293	11.48
261.699114	-26.032864	11.48
261.785077	-29.32299	11.48
254.870884	-28.218454	11.48
254.842055	-26.96015	11.48
253.963049	-21.515856	11.48
266.069212	-25.886206	11.48
258.420646	-31.130531	11.48
261.709392	-30.143045	11.48
262.286241	-29.335159	11.48
254.650976	-21.871246	11.48
255.953453	-19.932899	11.48
267.650175	-26.544388	11.48
257.659485	-23.451422	11.48
254.678774	-27.643681	11.48
260.196435	-18.115826	11.48
259.987191	-25.853758	11.48
257.469096	-22.443144	11.48
259.98165	-25.010075	11.48
265.115863	-28.061707	11.48
255.395975	-28.030622	11.48
268.06823	-26.533503	11.49
257.517808	-24.109367	11.49
267.090816	-26.691568	11.49
268.161665	-24.773762	11.49
268.00433	-24.666437	11.49
260.42728	-21.890631	11.49
268.279995	-26.379642	11.49
256.913856	-19.558346	11.49
255.979907	-19.029581	11.49
258.115756	-23.358816	11.49
255.157467	-27.980726	11.49
262.152334	-29.324097	11.49
261.097441	-29.130621	11.49
261.580243	-29.542145	11.49
254.608338	-25.34201	11.49
264.939778	-28.800657	11.49
261.228997	-24.515842	11.49
259.915098	-24.674694	11.49
259.876673	-24.605001	11.49
264.59871	-29.5093	11.49
254.380343	-27.024899	11.49
254.36918	-27.876621	11.49
254.318337	-27.965139	11.49
254.270726	-28.836563	11.49
266.769965	-26.12962	11.49
263.385325	-20.494053	11.49
259.484867	-17.639563	11.49
257.997095	-26.585617	11.49
267.866491	-26.660992	11.49
264.237637	-30.122618	11.49
260.566628	-21.300257	11.49
267.960928	-25.609413	11.49
