ra	dec	Kp
67.661929	15.691919	6.86
68.03294	21.632338	6.99
75.355664	15.244181	7.54
68.647435	21.105701	7.87
68.695375	21.103722	7.89
75.636138	23.870985	8.15
73.220888	27.314251	8.15
68.410877	15.961558	8.22
77.683755	16.492361	8.31
70.399144	20.263729	8.35
69.806477	22.652262	8.36
73.722707	19.967636	8.38
64.890439	21.065155	8.41
72.209679	15.4841	8.42
67.815396	20.133139	8.42
73.797267	20.313791	8.43
73.087184	22.10187	8.47
77.712668	16.428577	8.5
71.394489	19.328333	8.54
73.326766	24.902699	8.56
71.361339	14.067955	8.61
65.843264	21.183546	8.62
72.966819	23.354689	8.64
67.157245	20.831654	8.64
75.350795	15.190393	8.64
71.659996	21.501942	8.66
70.77642	20.629997	8.66
67.645251	15.733974	8.68
76.696061	26.099854	8.7
76.676933	24.617298	8.71
71.050725	23.613615	8.72
77.929655	24.768045	8.73
71.483168	19.180971	8.75
73.982844	27.835403	8.76
75.251324	15.21632	8.78
68.357318	15.960946	8.79
67.381642	17.893204	8.8
69.129094	16.33193	8.84
74.214307	28.417114	8.84
76.458843	22.854212	8.85
65.791394	21.209625	8.89
78.416054	25.270002	8.89
67.978171	21.635729	8.89
80.022517	21.151627	8.9
79.759398	19.064951	8.9
79.617506	18.910275	8.92
72.961762	17.690926	8.92
78.02529	16.651009	8.95
74.285972	19.385082	8.96
72.90449	25.981054	8.97
72.825409	17.365589	8.98
73.852974	15.133843	9.0
79.859043	20.21841	9.01
72.651576	15.729696	9.01
70.766115	16.297098	9.02
78.47251	24.891357	9.03
78.575456	19.265108	9.03
74.404933	17.392216	9.03
74.263306	28.260233	9.04
74.886576	23.751944	9.05
72.226055	15.569571	9.05
66.970303	24.444662	9.06
71.452752	19.282253	9.06
75.139746	22.615717	9.06
73.84203	15.196884	9.07
71.365746	19.348991	9.08
71.492135	19.177517	9.1
67.484687	20.853775	9.11
75.811504	23.656229	9.11
67.882772	14.705651	9.12
72.157509	13.451654	9.13
74.477537	23.620554	9.13
73.804886	14.842836	9.13
67.90454	17.709803	9.13
67.936105	14.677057	9.13
76.597608	16.124493	9.14
68.408138	16.762503	9.14
74.85874	14.919251	9.14
69.974556	22.277893	9.18
80.176019	19.956326	9.18
77.609128	24.81806	9.21
77.684341	16.595951	9.21
69.344715	21.679588	9.22
74.589414	18.993313	9.23
78.055081	16.60597	9.24
78.857427	15.630092	9.24
73.907387	19.227175	9.25
73.608406	21.750034	9.26
80.691073	19.247013	9.26
71.497149	21.263838	9.27
76.05611	24.307602	9.29
77.265482	16.389782	9.29
76.546076	16.178986	9.3
73.763859	21.671659	9.32
78.831545	24.51613	9.33
71.705979	17.74836	9.34
78.868364	19.431145	9.36
74.169211	28.267727	9.36
73.345246	27.443102	9.37
72.818907	20.166435	9.37
71.390929	14.049093	9.37
75.960388	23.768417	9.37
70.359826	20.278559	9.39
72.701053	21.407452	9.39
69.605947	19.005129	9.4
73.696514	16.113865	9.4
74.249067	28.491163	9.41
69.906658	20.74172	9.41
72.113242	14.79153	9.42
76.422623	20.953112	9.42
77.674094	16.512152	9.42
77.75774	25.958225	9.43
67.79752	16.849955	9.44
72.552054	26.948746	9.44
72.72885	19.764324	9.44
75.911055	23.651926	9.44
70.670024	20.22015	9.44
74.674096	18.639875	9.44
69.333939	18.686653	9.44
71.498322	27.329527	9.45
73.123695	22.067884	9.46
78.497303	24.616737	9.46
71.501874	19.121906	9.46
78.686721	18.902403	9.46
76.115291	24.173325	9.47
77.467305	26.492373	9.47
73.841402	19.280895	9.48
78.815597	24.963402	9.49
72.986578	17.638832	9.5
71.787204	20.882349	9.52
71.124508	19.25186	9.53
75.435961	23.698933	9.54
73.17472	19.999613	9.54
73.248061	27.357964	9.55
77.19192	25.012026	9.56
65.7724	20.805456	9.56
73.061893	21.314533	9.57
68.605784	21.619907	9.57
70.863839	27.026949	9.57
74.106021	17.484425	9.57
75.650671	23.892338	9.57
79.884688	21.012787	9.58
68.367404	16.515711	9.59
70.65513	18.100136	9.59
71.155066	19.009569	9.59
72.54968	13.551214	9.59
70.052966	16.398624	9.6
78.706891	20.880201	9.6
70.674944	17.877588	9.6
67.475571	18.757338	9.61
73.174954	20.000599	9.62
78.045884	16.688663	9.62
71.511803	26.310972	9.62
70.22798	27.043324	9.62
73.275825	21.889854	9.62
76.902451	15.968132	9.63
75.275823	16.38575	9.63
74.793118	16.071684	9.64
73.74069	20.002466	9.65
76.6223	22.182556	9.66
75.539477	20.674387	9.67
71.587847	13.838822	9.68
73.31115	24.984646	9.69
77.628542	24.16328	9.69
75.080936	23.927862	9.71
78.251581	16.453676	9.71
74.266335	23.42272	9.71
74.021921	15.543626	9.72
74.602892	14.200634	9.72
71.720565	21.50535	9.72
71.163755	13.654925	9.73
68.70901	22.890444	9.74
79.38134	20.12961	9.75
72.159611	14.921981	9.75
79.190283	18.912073	9.75
75.453222	24.133627	9.76
77.14193	16.680841	9.76
79.467053	18.678192	9.77
72.333386	27.748283	9.77
68.667369	25.309124	9.77
77.394387	24.325415	9.78
70.721087	20.627123	9.78
78.463564	17.314405	9.78
77.694506	16.516619	9.78
67.533335	20.876583	9.78
78.600245	17.003733	9.79
78.583958	16.957888	9.79
76.070883	15.292395	9.8
69.745454	22.325144	9.8
77.311496	24.472527	9.8
77.686204	16.561701	9.8
67.888131	22.154469	9.81
73.79299	20.392168	9.82
67.787011	16.767403	9.82
80.60505	20.058407	9.82
71.150723	22.456869	9.82
75.489459	24.375448	9.82
71.331326	22.687374	9.83
78.856578	19.502857	9.83
75.126587	21.768291	9.83
71.55458	19.071962	9.83
75.748255	15.180604	9.84
69.777821	22.712078	9.84
69.648059	17.636507	9.84
73.80009	20.283958	9.84
76.446468	22.916786	9.85
72.250326	15.629679	9.85
72.728916	20.217512	9.86
75.6704	24.639668	9.86
71.036891	25.675919	9.86
71.313996	19.12327	9.86
70.029228	22.274757	9.87
68.817986	21.386311	9.87
69.717269	20.780722	9.89
75.91026	23.646488	9.89
78.959995	16.149269	9.89
75.844711	14.95537	9.9
71.163247	26.591692	9.9
76.485693	21.58877	9.91
77.236882	24.887205	9.91
72.833221	14.608469	9.91
68.643009	20.324697	9.91
80.525406	19.110161	9.91
68.36951	16.458057	9.92
75.253091	14.813295	9.92
69.095566	22.290709	9.92
78.176639	17.485992	9.93
68.732998	25.359772	9.93
72.933078	21.162378	9.93
73.991528	27.891251	9.93
77.772115	16.647373	9.94
78.037378	25.770279	9.94
77.137522	25.077837	9.94
73.098011	18.996939	9.94
78.082955	25.875278	9.94
80.541995	20.124842	9.94
70.950779	19.796541	9.95
77.793726	16.594328	9.95
67.873605	22.509254	9.95
68.071167	16.33639	9.95
71.427682	19.105249	9.96
70.719282	19.748171	9.96
75.971975	15.652539	9.96
77.260986	24.344719	9.96
76.360853	16.744461	9.96
71.284003	19.135988	9.96
69.156937	18.754946	9.96
74.441545	17.380333	9.97
76.445799	21.548677	9.97
75.621686	23.833366	9.97
71.183954	27.098713	9.98
70.842032	18.019503	9.98
77.74116	15.7416	9.99
67.026992	19.60187	10.0
68.892433	15.305619	10.0
72.187661	20.35964	10.01
74.212151	18.419315	10.01
78.226444	16.879751	10.01
69.606053	19.004166	10.01
79.217457	18.858864	10.01
74.463656	17.817558	10.01
76.880415	22.033972	10.01
78.616057	18.942125	10.01
78.878897	15.69888	10.01
71.383993	19.02375	10.02
69.723779	25.230511	10.03
68.632299	22.59359	10.03
78.024687	17.114628	10.04
72.065198	23.763338	10.04
71.384902	26.578259	10.04
77.98712	15.401971	10.05
71.324876	19.211437	10.05
71.297172	19.019831	10.06
75.473901	22.441633	10.06
65.969714	22.077517	10.06
79.812045	20.266813	10.06
74.12332	27.857933	10.06
72.9661	20.526522	10.07
70.717751	18.144829	10.07
67.101197	20.87681	10.07
77.301377	24.914225	10.07
78.038427	16.185902	10.07
67.946124	16.943293	10.07
71.91393	14.606498	10.07
71.873976	16.298788	10.07
77.403727	24.373308	10.07
73.551161	20.12359	10.08
66.794019	17.845156	10.08
80.21227	20.674986	10.08
74.294529	14.105268	10.08
72.84951	17.402937	10.09
71.707522	15.117937	10.09
64.63862	21.600525	10.09
74.038921	17.75754	10.09
80.028417	21.116497	10.1
79.919757	19.53705	10.1
71.170835	19.292356	10.1
76.401198	22.926004	10.1
68.651918	21.621513	10.11
70.869827	14.443217	10.11
69.349585	15.848645	10.11
72.516137	13.482548	10.12
73.707734	21.720844	10.13
65.074377	21.675346	10.13
73.501118	24.827465	10.14
74.606085	14.827998	10.14
71.524157	19.039564	10.14
72.669372	18.718525	10.14
67.762046	19.877926	10.14
73.003454	14.405776	10.14
72.912428	17.296488	10.14
72.366784	14.340984	10.15
72.132774	15.489596	10.15
71.128961	18.974112	10.16
74.302093	22.159573	10.16
79.880582	20.872023	10.16
76.026521	21.822191	10.16
78.203911	24.80368	10.17
70.456156	23.564423	10.17
69.403099	21.731264	10.17
74.510008	17.812305	10.17
70.122103	21.115046	10.17
78.084608	16.229456	10.18
65.976207	21.719402	10.19
67.793911	18.819839	10.19
78.954434	18.739004	10.19
73.744747	17.964386	10.19
75.910008	24.115511	10.2
72.709709	14.932413	10.21
73.953119	24.857355	10.21
72.131507	16.308741	10.21
75.242666	22.76848	10.21
68.170621	19.113459	10.22
74.182371	28.455875	10.22
80.177782	19.885866	10.22
78.4607	17.106264	10.22
67.28898	26.194357	10.22
74.513884	23.588709	10.22
75.657215	22.165554	10.23
66.802028	24.369949	10.23
71.823343	18.007662	10.23
78.12479	16.214087	10.23
76.734764	21.523546	10.23
75.895765	24.322758	10.24
73.49768	27.567749	10.24
80.11252	19.864056	10.24
72.054568	16.318609	10.24
77.96634	24.756807	10.25
69.928925	24.737701	10.25
76.106989	24.249577	10.25
75.558503	21.547243	10.26
76.350969	22.724476	10.26
71.824867	18.07811	10.26
78.672906	20.71629	10.26
71.294489	22.709444	10.26
73.517127	17.413671	10.27
72.690092	21.688997	10.27
72.819228	21.501034	10.27
73.06024	19.959944	10.27
67.789	20.108656	10.28
73.714506	20.469887	10.28
67.725961	22.179186	10.28
66.809098	16.608316	10.28
80.530479	20.394449	10.28
71.056647	26.39101	10.28
74.952069	21.930931	10.29
74.82585	15.066354	10.29
78.275862	19.966988	10.29
72.072895	21.622438	10.29
73.0956	19.939358	10.29
74.220452	18.422987	10.3
78.208386	25.131496	10.3
75.954217	22.42964	10.3
72.742053	15.235686	10.3
75.633278	21.512548	10.3
72.217311	13.461238	10.3
77.585182	25.663534	10.31
68.146671	16.902567	10.31
72.791358	14.91584	10.32
72.203914	13.242256	10.32
64.888442	21.113453	10.32
77.415414	24.31296	10.32
74.703234	15.051957	10.32
76.631171	24.594864	10.32
75.70046	24.673052	10.33
75.940101	14.953373	10.33
71.783608	15.492726	10.33
72.501296	20.743689	10.33
77.673591	16.828571	10.33
78.62131	19.276739	10.33
77.523873	26.430918	10.34
68.098791	19.309584	10.34
71.858681	18.335051	10.34
72.313512	21.382172	10.34
72.938699	27.755468	10.34
76.618159	26.06146	10.35
72.875591	14.394409	10.35
66.922935	16.725061	10.36
67.179191	21.644678	10.36
71.426151	19.118694	10.36
74.747875	23.593975	10.37
75.228006	16.333761	10.37
75.205335	15.450175	10.37
74.569853	14.875374	10.37
74.158053	18.429462	10.38
78.475335	25.322723	10.38
74.219721	19.07123	10.38
78.23295	24.478638	10.38
80.005334	19.3678	10.38
72.686318	13.825564	10.38
77.747526	15.432532	10.39
71.1073	26.380657	10.39
76.589732	16.227013	10.39
75.162831	23.518269	10.39
75.314652	24.873499	10.4
76.586041	26.034309	10.4
72.011206	21.606316	10.4
76.188703	23.812063	10.4
73.36644	17.613096	10.4
78.746056	24.524185	10.4
75.882154	23.657166	10.4
72.003622	17.056002	10.41
73.7466	20.850462	10.41
78.439335	16.434145	10.41
66.811387	21.567957	10.41
71.458083	26.319578	10.41
75.278345	16.162971	10.41
71.107425	23.573313	10.41
78.042874	16.178083	10.42
71.027906	20.311893	10.42
65.362471	20.528175	10.42
77.538739	16.430475	10.42
70.628243	17.877882	10.43
74.314664	14.403107	10.43
72.26619	19.46306	10.43
75.213321	15.208826	10.43
73.029995	18.270174	10.43
70.507652	16.596241	10.43
77.619882	16.465658	10.43
66.814146	21.517078	10.44
68.444922	16.529854	10.44
73.784039	20.227163	10.44
73.801933	14.84069	10.44
69.750959	22.670504	10.45
73.053281	23.120554	10.45
79.035529	19.182373	10.45
71.542436	13.851028	10.45
67.730008	22.102257	10.45
76.184133	22.285667	10.45
77.558715	24.301388	10.45
76.693066	24.705439	10.46
77.147969	25.02717	10.46
74.267217	14.191514	10.46
80.193162	21.261925	10.46
75.246561	17.520626	10.46
74.183307	14.826946	10.47
74.235772	24.155266	10.47
78.29781	19.995758	10.47
76.261727	22.276035	10.48
78.465266	24.527342	10.48
78.274579	17.388035	10.48
73.085057	14.842134	10.48
75.448669	21.772654	10.48
71.736481	17.713249	10.48
74.019543	17.805826	10.49
67.770476	19.123196	10.49
66.030849	22.118883	10.49
72.679287	15.267671	10.49
78.354965	16.437115	10.49
72.584987	23.476883	10.49
67.489994	18.826466	10.49
77.108012	24.901691	10.49
75.632879	15.937468	10.49
65.120804	21.564646	10.49
77.612068	16.487833	10.5
74.551976	14.396275	10.5
72.953474	15.46526	10.51
71.718861	15.446663	10.51
66.69554	20.916965	10.51
76.83529	15.440434	10.51
75.993705	21.864307	10.52
77.675514	15.865297	10.52
75.614775	24.607525	10.52
77.529056	24.119467	10.53
79.805289	19.089952	10.53
76.99891	17.277369	10.53
69.6628	15.770475	10.53
80.33313	20.782906	10.53
76.514849	22.660149	10.53
74.198885	16.049339	10.53
69.6461	15.809388	10.53
75.876106	14.901202	10.53
77.946835	25.533415	10.53
71.153378	26.615799	10.54
75.911569	15.529465	10.54
69.714864	20.915085	10.54
76.225037	21.523985	10.55
77.739504	16.302469	10.55
75.883947	16.095577	10.55
74.936028	14.922955	10.56
76.411443	22.665104	10.56
74.133385	16.095308	10.56
71.917869	14.60843	10.56
75.837167	24.146221	10.56
72.129635	20.701101	10.57
78.242304	24.829744	10.57
67.883157	17.749786	10.57
66.355271	17.962595	10.57
67.395299	19.294851	10.57
71.405504	19.240328	10.57
75.662667	23.936344	10.58
74.1399	17.557007	10.58
72.236017	20.357613	10.59
71.499462	27.32832	10.59
71.778474	15.152324	10.59
65.447931	20.889242	10.6
73.413639	21.561338	10.6
69.778489	20.794212	10.6
77.21705	15.094776	10.6
78.685563	19.398066	10.6
72.985051	18.267694	10.6
69.824958	20.69639	10.61
71.506606	23.471937	10.61
78.10678	25.733398	10.61
67.821259	22.196548	10.61
79.613866	18.982086	10.61
72.946708	23.321512	10.61
74.377209	22.587097	10.61
71.161736	19.290489	10.61
75.868273	14.974689	10.62
75.241578	16.184719	10.62
76.340853	21.675228	10.62
73.591804	20.172617	10.62
75.269531	16.417292	10.62
73.726092	16.178898	10.63
78.481488	25.281261	10.63
66.354246	17.915339	10.63
70.668225	26.599106	10.63
73.248307	17.280188	10.64
78.872768	24.99682	10.64
76.233297	23.753298	10.64
74.688085	14.397574	10.64
75.174212	15.402354	10.64
72.276423	23.347534	10.64
78.174847	17.595402	10.64
72.415501	23.903742	10.64
73.896844	17.96994	10.65
72.810732	14.356398	10.65
71.386908	26.035791	10.65
74.359706	22.194424	10.65
71.420955	26.648884	10.66
71.498586	21.263285	10.66
70.190244	18.625208	10.66
67.078706	19.593901	10.66
78.747556	20.761765	10.66
75.869465	24.740944	10.66
78.709076	25.029795	10.66
75.628882	23.765203	10.66
77.529187	24.150938	10.66
77.1562	16.007933	10.67
73.379707	20.859032	10.67
78.358112	17.389685	10.67
80.412596	20.373299	10.68
76.254783	23.033918	10.68
72.47843	23.94319	10.68
68.624839	16.513773	10.68
74.124129	16.213392	10.68
76.152297	23.829384	10.69
72.012192	16.868675	10.69
74.359689	18.410074	10.69
75.090784	22.595705	10.69
74.666262	14.157216	10.69
78.473284	24.954782	10.7
68.211545	19.04471	10.7
77.17545	16.606489	10.7
71.224276	26.579056	10.7
70.948851	20.309656	10.7
77.317305	16.38393	10.71
78.348224	26.796591	10.71
71.172955	26.532595	10.71
74.841522	22.745655	10.71
74.965212	21.895988	10.71
66.906452	21.537193	10.71
77.906091	25.993044	10.71
69.367107	18.646444	10.72
79.918371	19.461205	10.72
70.962803	19.860996	10.72
76.636534	22.799255	10.72
69.167725	16.278233	10.72
69.318313	18.809584	10.72
73.664014	17.240122	10.73
69.379204	22.045067	10.73
73.55587	27.586988	10.73
76.813386	15.516896	10.73
75.542412	22.423302	10.73
69.265136	22.041527	10.73
77.367213	17.264156	10.73
80.370501	20.473917	10.74
75.145069	15.781503	10.74
76.38301	23.042063	10.74
80.835096	19.292467	10.74
78.953273	16.079983	10.74
76.360636	23.161427	10.74
71.459567	23.511864	10.74
73.521764	17.352545	10.74
76.802434	16.00946	10.74
76.649244	22.723616	10.74
68.022218	21.55435	10.75
72.710058	27.880796	10.75
69.128411	18.704262	10.75
76.295252	25.569267	10.75
75.924777	24.171099	10.75
76.370536	21.629978	10.75
72.50083	20.741537	10.75
70.876541	14.376989	10.75
70.501613	20.854998	10.75
69.642981	22.517262	10.75
74.611813	17.536638	10.75
67.886201	22.578838	10.76
74.377753	20.241587	10.76
80.607736	20.701693	10.76
75.401252	21.733103	10.76
73.044607	14.524314	10.76
75.58665	15.553087	10.76
73.754431	20.933048	10.76
72.751675	14.845106	10.76
74.227046	19.331018	10.77
74.270931	23.357395	10.77
69.287025	21.698925	10.77
68.072164	16.877668	10.77
78.164925	17.485235	10.78
73.559844	21.671751	10.78
69.834425	21.548607	10.78
72.100646	17.291758	10.78
77.412016	17.092073	10.78
73.416596	27.454437	10.78
75.814088	24.223373	10.79
80.038346	19.250015	10.79
72.864299	25.910946	10.79
77.225842	25.702137	10.79
67.315101	17.871017	10.79
80.476161	20.341805	10.79
72.248869	14.140382	10.79
75.987715	22.535145	10.79
73.964915	15.500462	10.8
74.515303	22.017132	10.8
79.190573	18.817556	10.8
72.003969	15.505785	10.8
72.872111	14.631496	10.8
68.017303	16.396439	10.81
78.63345	19.013905	10.81
79.949011	19.303839	10.81
71.234452	19.059565	10.81
71.32224	19.135084	10.81
70.186511	27.016863	10.81
65.782899	20.846069	10.82
65.536407	21.056616	10.82
69.864937	20.636499	10.82
67.116715	21.568533	10.82
75.171012	22.739292	10.82
76.867372	16.033194	10.83
80.600579	19.09433	10.83
65.465237	20.808237	10.83
74.529498	15.64445	10.83
69.846174	21.628441	10.83
75.642881	15.88587	10.83
74.086303	16.279997	10.84
74.447977	21.527906	10.84
75.999072	23.745615	10.85
80.347383	20.423258	10.85
78.406095	17.197531	10.85
72.954879	17.273766	10.86
78.254356	24.393728	10.86
72.131557	27.632872	10.86
72.606036	19.986612	10.86
78.26493	16.967907	10.86
68.021717	24.929264	10.86
72.020745	23.69433	10.86
71.939473	16.250042	10.86
68.698414	17.287998	10.87
67.983714	21.603962	10.87
75.172456	22.150089	10.87
71.572105	26.329031	10.87
76.69374	26.06274	10.87
65.206059	20.992395	10.87
70.701624	17.931631	10.87
72.147274	13.260975	10.88
67.057872	20.91684	10.88
80.743954	19.208199	10.88
71.528176	21.404236	10.88
71.732073	23.551365	10.88
71.768469	15.488141	10.88
78.093728	17.157963	10.88
72.9996	27.851784	10.88
80.614283	19.236507	10.88
77.657509	24.760485	10.88
78.415623	17.362265	10.88
67.324191	26.163584	10.88
74.901089	14.579658	10.89
68.623839	17.328514	10.89
70.827694	16.27203	10.89
76.044194	24.211584	10.89
74.036359	17.851517	10.89
67.82065	19.83182	10.89
72.059493	17.285706	10.89
71.973978	16.990463	10.89
72.871581	20.338673	10.89
74.793236	16.085165	10.89
68.36064	18.312042	10.89
75.732617	15.215621	10.9
69.895863	20.793949	10.9
78.136505	17.525553	10.9
67.395786	19.33617	10.9
73.698881	17.167774	10.9
65.560983	20.970158	10.9
77.070113	25.062103	10.9
73.993094	16.949389	10.9
70.863763	19.299532	10.9
75.327239	22.110598	10.9
70.142018	17.943155	10.91
77.767236	16.284054	10.91
66.757968	17.815054	10.91
73.789937	24.004997	10.91
67.776467	16.68902	10.91
70.066387	21.94206	10.91
71.972816	20.972048	10.91
78.179903	24.756165	10.91
66.195564	18.597189	10.91
70.948327	27.023354	10.91
74.856378	23.779776	10.91
74.054406	19.221006	10.92
73.914492	18.052908	10.92
71.113865	23.635811	10.92
73.438154	24.844698	10.92
77.55974	24.221884	10.92
75.53471	20.616783	10.92
69.400341	19.933186	10.92
72.948802	13.72521	10.92
74.046112	27.692541	10.93
65.699142	18.953085	10.93
72.701594	27.814577	10.93
80.173178	20.714874	10.93
76.426456	22.128828	10.94
72.975203	27.782906	10.94
72.997297	15.533538	10.94
72.061917	22.656399	10.94
75.273846	22.099928	10.94
74.50739	15.514437	10.94
76.624154	22.136379	10.94
71.120708	18.14472	10.94
78.215292	16.864401	10.95
66.745573	21.508942	10.95
72.760057	14.971326	10.95
76.995735	26.330639	10.95
70.777245	18.980989	10.95
75.187804	14.809043	10.95
77.621834	16.778509	10.96
65.043114	21.65564	10.96
77.296951	25.726961	10.96
73.958184	18.055058	10.96
71.130797	19.053509	10.96
78.141339	17.480698	10.96
76.335375	23.23904	10.96
70.417541	23.515306	10.96
72.683871	15.778741	10.97
78.130014	17.542437	10.97
77.013295	26.314173	10.97
76.095654	23.870705	10.97
74.561995	14.433866	10.97
78.535649	24.580391	10.97
71.306114	26.045124	10.97
72.500643	13.641596	10.97
76.38345	22.891123	10.97
76.125961	24.218046	10.98
74.958059	15.356934	10.98
80.135816	19.789637	10.98
75.43581	23.861786	10.98
70.081302	21.082575	10.99
78.593723	26.37446	10.99
77.975988	16.744566	10.99
73.308582	26.145596	11.0
73.05974	19.071495	11.0
75.122066	22.315018	11.0
68.76978	21.371801	11.0
72.123	16.655035	11.0
72.252471	23.326744	11.0
72.87216	25.861887	11.0
68.018648	16.98917	11.0
76.625866	21.12228	11.01
78.427679	17.156206	11.01
74.365437	15.065262	11.01
66.949716	24.503366	11.01
72.404072	23.062361	11.01
75.251604	15.738373	11.02
67.979074	14.680479	11.02
75.172911	16.33213	11.02
69.974609	24.757181	11.02
74.074394	19.277519	11.02
72.035518	22.349476	11.02
72.008426	22.705547	11.02
80.149055	21.309891	11.03
71.721242	20.91041	11.03
68.353996	16.807999	11.03
74.779984	16.041763	11.03
76.753712	17.120068	11.03
75.586171	24.532839	11.03
72.626853	18.76017	11.04
75.115635	23.932705	11.04
78.073171	16.645578	11.04
74.761734	15.998833	11.04
71.019611	16.744181	11.04
70.999283	25.634964	11.04
75.074816	15.830092	11.04
75.332163	24.939337	11.05
76.733746	21.52347	11.05
73.996487	16.913612	11.05
74.371764	20.103552	11.05
73.248178	26.201385	11.05
74.383002	19.018869	11.05
80.745176	19.155277	11.05
78.269797	25.171309	11.05
74.67436	23.585117	11.05
70.766345	15.890698	11.05
73.155085	18.056303	11.05
72.451339	23.857471	11.06
66.75428	17.776827	11.06
70.630583	20.153753	11.06
69.643314	20.891611	11.06
80.395357	20.725954	11.06
72.331971	21.434647	11.06
73.073408	14.909556	11.07
70.658013	19.2267	11.07
73.659275	21.376656	11.07
78.794961	19.751341	11.07
68.092101	24.95779	11.07
80.876482	19.344519	11.08
72.288864	26.829325	11.08
73.956687	17.970736	11.08
74.38193	22.58596	11.08
75.538706	22.362402	11.08
70.771752	17.895811	11.09
76.089043	23.757336	11.09
74.740543	16.006285	11.09
65.753064	21.39443	11.09
69.096014	22.363005	11.09
80.556215	20.343756	11.09
75.827244	22.379807	11.09
75.231684	22.129877	11.1
69.74745	25.15037	11.1
77.668483	25.629585	11.1
68.838568	24.821413	11.1
76.268453	22.288952	11.1
78.946439	19.248798	11.1
77.709224	25.969906	11.1
76.286799	21.474682	11.1
77.597331	17.545494	11.1
71.450337	19.236906	11.1
78.120696	16.244871	11.11
72.646765	13.89933	11.11
72.139934	16.686924	11.11
72.810178	20.302608	11.11
68.352475	18.976093	11.11
70.901774	17.699944	11.11
73.013473	21.260992	11.11
75.032716	15.379521	11.11
76.274735	25.604004	11.11
77.258412	24.350798	11.11
74.664269	18.592844	11.11
74.252997	14.148439	11.11
77.400391	24.790867	11.12
78.872286	18.731148	11.12
71.797257	16.30624	11.12
71.801033	18.355474	11.12
78.800559	20.744688	11.12
77.712803	16.893349	11.12
74.317222	16.247675	11.13
75.316092	16.364859	11.13
68.622074	22.556763	11.13
76.003391	23.773367	11.13
70.076631	16.3472	11.13
75.488416	24.147177	11.13
76.130462	23.793011	11.13
70.950001	22.269367	11.13
72.362017	14.281502	11.14
78.178576	24.435875	11.14
78.0329	15.394823	11.14
74.591371	18.955585	11.14
71.527889	19.095129	11.14
73.606502	21.746515	11.14
72.7373	21.66214	11.14
68.224844	19.098852	11.14
80.73157	19.741816	11.15
64.635471	21.668064	11.15
73.755947	23.986088	11.15
67.426653	18.835817	11.15
72.186665	24.596663	11.15
66.961849	21.594147	11.15
66.163065	19.287569	11.15
73.526785	13.973137	11.15
66.183541	19.35165	11.15
73.66263	21.347622	11.15
77.91008	16.210222	11.16
75.579557	23.767599	11.16
75.1901	21.731199	11.16
74.352807	18.353025	11.17
68.909256	24.769787	11.17
78.745841	24.464022	11.17
74.340836	18.963984	11.17
73.745876	20.507706	11.17
77.462471	24.179125	11.17
70.604389	19.223516	11.17
73.717033	21.666586	11.17
65.687461	19.030735	11.17
74.389086	14.432044	11.17
75.602065	23.711826	11.17
72.957136	13.69241	11.18
72.270399	26.792643	11.18
79.977057	19.584799	11.18
71.535209	19.077164	11.18
75.453848	24.414454	11.18
79.503206	18.68284	11.18
75.195182	15.764024	11.18
71.062896	16.794792	11.19
75.159245	15.836824	11.19
73.892787	24.862854	11.19
72.133797	14.868268	11.19
75.851917	24.260969	11.19
66.183195	19.27297	11.19
76.066561	23.69508	11.19
67.52604	20.916752	11.19
78.863934	19.702621	11.2
72.063378	16.368607	11.2
72.005515	20.937672	11.2
72.784607	20.227106	11.2
78.998036	19.181505	11.2
76.093303	15.351541	11.2
69.517113	21.865644	11.2
66.226507	18.567244	11.2
80.795514	19.270741	11.2
70.852498	18.080467	11.2
73.521826	17.50778	11.21
77.27083	24.355061	11.21
66.860024	16.677614	11.21
72.568714	26.996653	11.21
78.053343	16.591366	11.21
73.687313	21.656775	11.21
78.297356	16.930519	11.21
77.876683	26.018803	11.22
77.757565	15.711801	11.22
75.507381	15.576188	11.22
67.855329	20.070988	11.22
70.860497	19.005232	11.22
71.940599	22.685854	11.22
68.889477	15.269119	11.22
75.085641	23.87035	11.22
76.398128	16.676937	11.22
71.407598	24.313675	11.22
70.483428	20.90634	11.22
71.266226	27.082338	11.22
75.496473	23.852295	11.22
74.063725	28.438931	11.22
65.57149	21.03793	11.23
69.748868	19.697332	11.23
70.406014	20.23414	11.23
70.584175	20.229912	11.23
72.109504	24.603456	11.23
77.387209	24.502445	11.23
67.785603	18.899809	11.23
72.733105	21.381832	11.23
72.619301	23.500145	11.23
78.131057	16.770481	11.23
68.065247	16.397505	11.23
70.842083	19.370499	11.23
76.811172	15.304824	11.23
80.949057	19.362314	11.23
74.674497	14.851879	11.23
74.31004	22.082571	11.23
75.928964	15.722595	11.23
67.871049	17.718683	11.24
73.411687	21.49048	11.24
67.097968	20.890627	11.24
76.673689	24.786343	11.24
71.309058	19.132524	11.24
72.22394	19.532621	11.24
73.099549	23.125607	11.24
68.103969	16.986813	11.24
76.239713	23.072264	11.24
74.463524	15.697312	11.24
79.689371	18.999458	11.24
74.192096	24.15889	11.24
74.190184	23.354513	11.24
74.649075	18.992123	11.24
72.37977	22.459354	11.25
71.716399	23.624466	11.25
69.305162	22.071081	11.25
74.782827	15.022541	11.25
72.578692	13.63329	11.25
65.786063	19.202061	11.25
68.62182	16.519545	11.25
77.045265	24.802807	11.25
78.413202	26.752176	11.25
74.706477	25.661587	11.26
78.051881	25.92909	11.26
80.535096	20.644028	11.26
75.84387	23.725698	11.26
71.731763	21.504408	11.26
75.8421	22.416645	11.26
72.29429	21.347685	11.26
74.49752	15.593952	11.26
77.722146	16.52322	11.26
68.790268	21.326906	11.26
75.483209	21.806152	11.27
78.880132	24.934385	11.27
68.290113	18.96451	11.27
66.657305	20.888599	11.27
70.869003	16.801266	11.27
70.927593	16.763365	11.27
72.099853	19.377081	11.27
77.026894	25.353888	11.27
77.03482	24.796106	11.27
71.072966	18.111231	11.27
68.308954	18.269234	11.27
74.343637	17.217354	11.27
75.273362	17.469357	11.28
74.818039	24.89558	11.28
73.518722	21.351545	11.28
69.648429	17.636621	11.28
75.850276	24.211622	11.28
71.359189	19.094477	11.28
76.278261	16.549215	11.28
72.692027	21.448215	11.28
70.794569	17.988808	11.28
73.991894	27.733194	11.28
76.531499	25.408817	11.28
70.073257	17.93718	11.28
71.34586	24.342094	11.28
75.507553	23.701683	11.28
72.233036	14.086259	11.28
76.383188	22.132252	11.28
78.098724	25.924677	11.28
74.591078	22.459347	11.29
78.221429	16.949303	11.29
71.08007	19.2927	11.29
74.895417	22.759493	11.29
80.843855	19.235264	11.29
78.193706	17.575014	11.29
70.122225	18.610304	11.3
68.678107	19.709686	11.3
75.924357	24.67523	11.3
78.355126	17.155617	11.3
79.85614	19.357645	11.3
65.812782	21.406727	11.3
67.87935	22.220877	11.3
73.806765	17.922119	11.3
73.071534	21.0854	11.3
68.279593	19.060688	11.3
74.402447	17.231707	11.3
77.59655	16.455076	11.31
77.099644	24.852835	11.31
76.037407	15.317669	11.31
72.234151	23.391296	11.31
73.590383	21.323656	11.31
71.99802	16.815477	11.31
76.141476	22.468328	11.31
70.970098	19.609764	11.31
79.018989	16.137184	11.31
77.306176	17.138123	11.32
71.656826	22.724136	11.32
71.981567	22.305038	11.32
77.971966	25.455217	11.32
68.662797	19.741629	11.32
76.450675	22.619009	11.32
76.488576	25.359346	11.32
74.338547	15.102022	11.32
68.785192	19.895908	11.32
75.831151	24.354698	11.32
74.295773	14.081954	11.33
70.113836	21.896236	11.33
74.137035	27.889601	11.33
65.776756	19.156796	11.33
78.166262	16.202187	11.33
74.590206	19.043449	11.33
78.747351	19.45446	11.33
69.543674	21.936337	11.33
66.807186	17.426912	11.33
74.793227	14.958096	11.33
69.361939	18.85745	11.33
74.339757	16.016371	11.33
74.85136	24.875114	11.34
78.17525	16.809881	11.34
78.324501	24.837908	11.34
74.572918	17.592907	11.34
73.459949	20.836113	11.34
67.168316	21.585224	11.34
74.668529	14.43785	11.34
73.131102	17.083242	11.35
76.895429	15.298022	11.35
80.560808	19.026003	11.35
73.502582	17.538857	11.35
71.105649	26.063211	11.35
70.72254	15.930684	11.35
80.054177	19.214804	11.35
75.955223	15.712911	11.35
76.40593	23.00444	11.35
78.627177	17.079466	11.35
77.647686	15.830188	11.35
69.85945	20.385031	11.36
76.366888	20.985132	11.36
73.450219	13.992451	11.36
66.864964	16.608889	11.36
71.021515	25.639492	11.36
72.705154	19.697435	11.36
77.098152	24.893148	11.36
72.959026	21.096682	11.36
79.752211	19.05386	11.36
72.870461	21.510822	11.36
79.983013	19.519737	11.37
80.533637	20.715248	11.37
65.725035	20.834284	11.37
69.585566	22.492729	11.37
78.617671	17.083933	11.37
69.352717	19.98177	11.37
77.899081	16.250713	11.37
78.171216	17.183872	11.37
73.310328	17.253397	11.37
65.165728	21.587017	11.38
68.596681	20.340046	11.38
67.486904	25.739843	11.38
70.60647	17.951813	11.38
67.830493	19.122952	11.38
74.925591	24.143869	11.38
68.750329	22.8934	11.38
76.25734	23.210323	11.38
74.301451	20.058588	11.38
72.131989	20.622295	11.38
72.028195	19.374144	11.38
66.721255	24.400646	11.39
76.659163	24.65719	11.39
75.707968	22.101807	11.39
80.887094	19.229851	11.39
69.899024	22.298313	11.39
72.63402	21.404139	11.39
79.953293	21.043167	11.39
76.89573	21.960386	11.39
74.420451	22.203718	11.39
77.841065	16.530094	11.4
68.810229	21.274803	11.4
77.343197	17.073036	11.4
78.130555	24.385115	11.4
72.852504	20.223955	11.4
78.310208	16.894152	11.4
79.904743	19.414688	11.4
74.244024	19.020571	11.4
71.264498	27.373278	11.4
65.364361	20.568415	11.4
71.218378	13.664037	11.4
74.146225	14.785134	11.4
76.939914	17.228497	11.4
71.168245	22.412252	11.41
72.383291	27.696285	11.41
67.981886	17.787273	11.41
69.782037	20.402609	11.41
74.482188	21.488941	11.41
69.098462	18.766827	11.41
68.040834	19.290915	11.41
77.380746	24.855614	11.41
72.995416	20.560072	11.41
67.530172	25.754774	11.41
67.904914	17.760504	11.41
74.585393	22.533344	11.41
74.330418	20.250164	11.41
69.370476	15.892151	11.42
73.11571	18.017611	11.42
73.316147	21.943968	11.42
74.485341	14.466698	11.42
78.957011	19.30727	11.42
69.396553	15.917133	11.42
79.921082	19.368435	11.42
77.189597	15.031525	11.42
70.449093	16.650822	11.42
74.942388	14.515399	11.42
75.204308	23.507313	11.43
68.723752	19.896887	11.43
69.796511	19.696196	11.43
76.705661	21.138323	11.43
70.80687	27.086334	11.43
77.633268	17.505692	11.43
73.086339	21.28554	11.43
65.172099	20.93273	11.43
72.291772	14.307444	11.43
66.591545	20.885475	11.43
71.042049	19.584148	11.43
74.447655	21.975479	11.43
75.456774	23.745787	11.44
67.942998	21.589813	11.44
77.630777	24.283806	11.44
65.915489	21.665607	11.44
78.746299	24.993174	11.44
71.670407	22.643082	11.44
72.108941	19.431307	11.44
78.632767	26.344765	11.44
69.756909	22.349176	11.44
78.725907	20.895147	11.44
75.193419	22.353195	11.44
76.809044	17.132473	11.45
77.810238	16.302752	11.45
73.536801	20.157751	11.45
80.778165	19.704016	11.45
72.660196	20.241192	11.45
72.70796	20.148743	11.45
71.675159	21.54896	11.45
71.293876	27.305784	11.45
72.406946	23.021536	11.45
74.144634	18.360819	11.46
66.857249	17.410702	11.46
73.34991	17.654478	11.46
74.015666	28.412882	11.46
77.03362	26.346329	11.46
71.173944	26.656694	11.46
70.993395	22.249889	11.46
73.027138	21.136101	11.46
78.212014	16.482746	11.46
79.817365	20.864519	11.46
69.779279	22.300947	11.46
74.85528	24.16198	11.46
72.033751	15.437609	11.46
75.96766	15.579987	11.46
76.240562	16.533762	11.46
75.046179	21.889606	11.46
78.506585	17.345657	11.46
71.669029	20.919735	11.46
77.538676	24.173456	11.47
72.0534	20.603329	11.47
74.374599	15.99423	11.47
69.902294	22.264982	11.47
68.627342	22.657228	11.47
76.097062	22.479073	11.47
77.012364	25.402922	11.47
76.349558	22.817654	11.47
67.775782	19.133944	11.47
77.695544	15.418836	11.47
74.730662	25.713333	11.48
70.74296	19.697241	11.48
74.309974	16.169088	11.48
80.539573	20.111971	11.48
78.74455	20.949881	11.48
72.344616	22.491058	11.48
72.491986	26.956404	11.48
72.584864	19.925259	11.48
76.099536	22.443361	11.48
77.157907	15.937144	11.48
72.93119	21.506577	11.48
73.074739	14.437792	11.49
68.013777	17.033936	11.49
71.08373	26.109938	11.49
73.113377	14.474636	11.49
77.412555	17.287544	11.49
71.440738	26.079803	11.49
70.700095	26.558613	11.49
75.522174	21.745617	11.49
77.630978	16.725864	11.49
72.09763	27.577084	11.49
73.193451	17.049328	11.49
70.937815	17.677595	11.49
