ra dec Kp
15.340718 11.912725 7.89
18.443001 6.881062 8.19
13.225025 -0.381374 8.21
18.162725 6.593308 8.28
10.041219 7.65606 8.33
12.072359 10.257935 8.48
11.082259 7.770733 8.61
14.302055 9.528096 8.63
18.767478 1.234069 8.63
15.668417 4.41317 8.64
13.94453 -0.794921 8.73
16.768741 -0.592079 8.73
11.708178 4.836316 8.75
14.369991 9.519667 8.81
19.402274 12.296411 8.85
11.807562 8.644006 8.94
9.822244 8.207207 8.98
14.298964 11.456031 8.98
12.031675 10.217703 8.99
10.870085 2.307832 9.0
15.548697 2.147163 9.0
12.200336 9.843452 9.08
17.034733 5.096906 9.12
14.422299 8.210351 9.13
19.72684 1.98163 9.17
13.226472 -0.44772 9.18
9.427112 4.516467 9.2
9.548594 3.981551 9.24
19.07469 10.250438 9.29
19.393637 7.150091 9.36
14.555836 7.303312 9.38
11.165985 6.082012 9.38
15.389841 11.942099 9.39
15.636958 4.432102 9.41
12.051049 6.435032 9.42
10.582035 4.746125 9.42
12.364699 9.847747 9.44
9.879612 8.226201 9.45
10.07435 7.720455 9.45
13.873874 2.296555 9.45
19.071657 7.686696 9.48
19.688708 2.014909 9.48
23.280737 6.666281 9.51
14.595186 4.559373 9.52
17.037994 -1.687768 9.53
14.941782 12.04256 9.53
16.824435 3.294994 9.53
18.485356 2.71178 9.53
19.955686 6.569876 9.54
15.335793 11.954938 9.54
15.783493 4.242506 9.55
16.221022 3.868675 9.57
15.693543 5.042142 9.6
15.807676 1.048238 9.6
19.972303 11.082789 9.6
11.662693 4.893899 9.61
15.683954 11.940518 9.63
11.041439 2.476557 9.63
13.454401 3.713924 9.64
23.619701 6.386404 9.64
14.207682 -0.18558 9.64
11.710428 4.952255 9.65
10.480582 4.615202 9.66
9.746971 8.478136 9.69
10.704124 4.854933 9.72
20.482881 10.502462 9.73
22.294688 5.707279 9.73
18.166666 6.658315 9.73
15.580819 11.521864 9.74
14.73782 12.132834 9.76
18.128214 7.442802 9.77
11.113311 7.825474 9.77
10.733501 1.759921 9.78
12.98361 -1.347455 9.79
15.054089 2.048304 9.79
10.58288 4.810409 9.79
23.249122 5.715667 9.8
23.597937 6.437616 9.8
12.183437 1.013405 9.8
23.026266 6.594644 9.82
21.515648 1.127546 9.82
22.345177 2.77 9.87
12.01766 7.10882 9.87
13.541469 10.614821 9.88
14.516947 7.231371 9.88
12.721191 -0.342225 9.89
20.904909 1.901735 9.9
16.518015 5.671262 9.9
18.556023 2.681538 9.91
13.251381 0.114628 9.91
14.772829 5.381958 9.91
17.87777 3.479712 9.91
16.424413 6.609634 9.92
17.529715 9.074344 9.93
13.889424 -0.737083 9.93
16.99312 5.166628 9.94
15.623651 6.998542 9.94
16.827589 3.330428 9.94
17.830936 3.511033 9.95
11.268806 5.552964 9.97
13.32755 -1.889552 9.98
14.055138 9.904898 10.0
21.376868 2.420881 10.0
12.412704 9.792686 10.01
17.39817 11.910018 10.01
22.442064 5.163956 10.02
20.278316 -0.184754 10.03
10.55728 5.132887 10.05
17.044469 10.611492 10.07
10.593477 4.766161 10.08
14.566623 11.997618 10.08
18.299119 6.2896 10.09
14.33609 3.314983 10.1
17.398346 11.909395 10.11
15.020646 12.082227 10.12
9.961924 7.81528 10.14
11.860424 8.594876 10.14
15.061832 12.061688 10.14
17.746234 9.959479 10.15
18.8991 0.401647 10.16
16.031299 4.365314 10.16
14.30007 6.264195 10.16
16.14555 6.264733 10.16
18.319452 11.09554 10.17
9.305028 8.103507 10.18
14.745004 0.835353 10.18
12.438584 0.025807 10.21
22.200888 7.074795 10.21
18.217859 11.393246 10.21
18.037863 9.497597 10.22
13.147368 3.346137 10.24
15.515095 2.097856 10.24
19.788794 11.984533 10.24
16.161282 3.832674 10.25
14.50002 12.03342 10.26
16.145756 6.226022 10.27
15.769846 5.730392 10.28
18.338643 0.8764 10.28
22.501959 3.426617 10.3
22.834453 6.333328 10.31
18.755586 3.90614 10.31
15.835963 5.726669 10.31
22.328617 2.763781 10.32
21.613805 1.1238 10.32
20.362833 -0.144722 10.33
18.364934 2.729225 10.33
13.102199 -1.106704 10.33
20.152064 11.25223 10.33
15.626272 11.960902 10.34
16.154326 0.245243 10.34
13.900371 -1.253065 10.35
17.050241 -1.419812 10.35
10.744529 1.826703 10.37
18.279364 6.12442 10.37
9.357957 4.558776 10.38
21.947277 3.438942 10.38
18.216236 9.620533 10.39
18.361012 2.11916 10.39
20.890393 2.724969 10.39
10.539575 2.445605 10.41
14.224298 9.688899 10.43
13.983487 11.901026 10.43
10.423156 4.302961 10.44
23.308075 6.013113 10.44
16.522075 4.511261 10.44
13.583287 4.478767 10.45
15.729886 0.314496 10.45
19.361809 12.321069 10.46
15.726103 4.237306 10.48
14.328775 6.223961 10.48
18.236979 7.725662 10.48
16.126822 2.390062 10.48
18.736234 3.86716 10.49
16.621391 1.575306 10.49
10.5749 5.200385 10.49
23.081707 2.604631 10.5
16.46129 5.66632 10.51
23.418689 6.95504 10.51
16.474394 9.34696 10.52
13.361264 0.899033 10.52
10.918264 2.009258 10.53
18.760977 1.165089 10.53
10.536979 7.825804 10.53
10.366836 4.807522 10.53
20.551005 10.53152 10.53
20.880198 10.480343 10.54
14.771578 5.381362 10.54
14.199795 9.738708 10.54
21.70205 6.726997 10.54
16.843685 5.035636 10.55
18.866202 -1.278958 10.55
14.933735 4.100736 10.55
9.552423 3.090174 10.55
10.242326 5.721853 10.56
19.144346 10.829954 10.56
12.236785 0.970319 10.56
16.073258 4.447944 10.57
22.832351 2.179654 10.57
20.197384 10.576549 10.58
13.291621 0.169732 10.58
13.128471 4.16101 10.59
16.081542 5.225984 10.59
11.798616 6.39734 10.59
15.743775 0.275494 10.6
11.267829 5.55515 10.61
16.610272 6.268584 10.61
13.83204 2.302153 10.61
15.646571 9.514824 10.62
21.039678 2.540815 10.63
21.769046 1.196035 10.64
11.538648 8.437777 10.64
15.911316 5.147105 10.64
9.5191 4.010354 10.65
19.371066 0.736519 10.65
10.388949 4.870153 10.65
16.785275 5.053017 10.65
20.373331 10.954689 10.65
17.101967 -1.636176 10.66
10.794792 2.314203 10.66
23.789924 6.66109 10.67
11.917704 5.402283 10.67
14.681384 12.15681 10.68
15.702377 1.906654 10.68
13.240004 9.589859 10.68
18.305605 11.014986 10.7
15.735596 5.054823 10.71
16.837334 -0.550783 10.71
14.244125 -0.239165 10.71
18.172658 8.737695 10.72
22.798988 6.703974 10.72
9.86649 3.314815 10.72
10.181493 3.467859 10.72
17.113525 2.676308 10.73
14.633271 3.060195 10.73
10.723269 4.188738 10.73
10.631951 4.72654 10.74
14.458361 8.238353 10.75
12.633078 3.869831 10.75
13.356178 11.145667 10.75
11.008211 9.146414 10.76
15.115533 5.346831 10.76
13.218708 6.416432 10.76
20.210784 10.572919 10.76
9.324969 4.457395 10.77
11.983707 2.213056 10.77
15.915304 0.907847 10.77
15.952722 11.762958 10.78
22.426056 3.237865 10.78
16.058024 10.851293 10.78
17.989948 9.49259 10.79
14.155201 -0.62133 10.79
20.516205 2.472771 10.79
15.772774 1.123436 10.79
22.714904 6.492691 10.79
9.979811 4.743737 10.79
22.056534 3.405015 10.8
22.996973 4.123115 10.8
18.948284 2.827052 10.81
19.021868 2.996939 10.81
15.007484 2.113445 10.82
14.854245 4.089239 10.82
16.625358 1.633001 10.82
9.566511 4.561836 10.83
10.765924 4.877082 10.83
17.723669 8.599722 10.83
9.83474 5.27336 10.83
16.000098 11.771192 10.84
23.20744 2.389709 10.84
16.975315 2.996004 10.84
15.774836 4.579435 10.86
20.09725 10.706998 10.86
20.338178 10.98918 10.87
18.074085 -0.603861 10.88
22.593169 5.096866 10.88
19.262486 11.260725 10.88
14.44022 7.229688 10.89
14.883459 7.035568 10.89
21.443052 6.100245 10.89
20.864544 2.235434 10.9
9.522523 4.595565 10.9
9.720883 7.620218 10.9
13.574515 -0.524962 10.9
11.796259 8.623253 10.9
11.849013 6.442399 10.9
12.512529 5.86725 10.9
15.774266 12.389913 10.9
17.733494 7.363494 10.9
10.459511 2.450094 10.91
12.123652 9.833958 10.91
10.999226 2.404687 10.91
19.026766 0.90023 10.92
22.115928 1.640107 10.92
9.598782 8.319525 10.92
13.546309 4.608358 10.93
14.085473 12.075551 10.93
19.785574 10.119338 10.93
17.252924 8.30823 10.93
11.889294 6.379266 10.93
14.143514 -0.574283 10.93
10.076161 3.143999 10.93
13.259704 9.663266 10.94
11.291193 4.312992 10.94
9.527541 4.309991 10.94
16.540313 4.445524 10.95
13.110455 6.788544 10.95
15.013667 12.108061 10.95
9.64036 7.632813 10.96
18.244938 -1.060694 10.96
15.305672 5.781848 10.96
16.040407 11.031261 10.96
13.760652 10.056915 10.97
19.226431 7.802855 10.97
14.342899 11.480546 10.97
13.092434 9.624857 10.98
13.094689 1.836808 10.98
20.82998 10.437581 10.98
22.123962 3.310593 10.99
18.926214 2.864557 10.99
18.827621 -1.218231 11.0
20.515675 10.913147 11.0
9.821891 5.350469 11.0
17.701679 10.16507 11.0
20.474692 10.896203 11.01
11.681763 6.244311 11.01
17.117743 3.31583 11.01
11.876395 5.393627 11.01
15.09755 5.383898 11.02
13.1845 9.842485 11.02
11.988634 6.482217 11.02
22.032684 2.645435 11.02
22.034734 5.618961 11.03
11.220451 4.328266 11.03
11.309698 5.414842 11.04
21.434457 1.122382 11.04
13.035921 -1.085476 11.04
22.333255 5.668385 11.05
17.376926 4.642557 11.05
18.66049 6.731275 11.05
11.225827 6.308127 11.06
13.024592 1.831546 11.06
13.900404 2.532961 11.06
22.851513 6.790149 11.07
15.01401 3.866004 11.07
11.802211 5.426568 11.08
21.090444 2.545795 11.08
18.272162 8.943674 11.08
15.394331 12.024986 11.08
20.589964 2.448707 11.08
10.733943 8.445587 11.09
10.045891 4.75663 11.09
18.380406 2.008709 11.09
12.868541 5.790808 11.1
23.260828 6.962911 11.11
15.874884 9.628946 11.12
20.035133 6.564395 11.12
13.039026 6.803 11.12
14.72998 1.100392 11.12
18.871631 0.21982 11.13
15.706429 4.576785 11.13
16.388843 2.188498 11.13
13.350559 9.729744 11.14
9.836749 3.261762 11.14
12.785361 -0.3297 11.14
11.247733 4.05908 11.15
11.050779 4.450409 11.15
17.081623 2.716701 11.15
13.288723 9.726041 11.15
21.614244 1.167117 11.15
18.278351 4.421463 11.15
12.944891 -1.385005 11.15
15.193453 10.256735 11.15
22.836704 5.046408 11.15
15.910428 0.831104 11.15
18.225261 10.65719 11.16
12.856834 5.737594 11.16
11.179697 6.000722 11.16
17.073448 -0.88368 11.16
14.535184 4.522315 11.17
18.405394 2.137234 11.17
15.867411 11.246129 11.17
17.025864 2.761264 11.17
16.600056 -0.627308 11.18
23.325169 6.646076 11.18
16.30164 8.500872 11.18
16.045995 10.860101 11.18
15.462739 9.546373 11.19
19.690388 1.234421 11.19
19.228697 7.747238 11.19
19.389719 7.106995 11.2
22.961569 5.959086 11.2
16.353547 11.737443 11.2
14.990374 3.840783 11.2
13.817698 2.321918 11.2
13.396316 9.608274 11.21
12.278613 5.133971 11.21
12.502693 2.624782 11.21
20.12522 10.814481 11.21
19.353669 0.807348 11.22
14.621536 7.285813 11.22
22.240844 5.523298 11.22
22.210552 1.532239 11.23
18.189539 7.43736 11.23
22.066452 2.664923 11.23
14.536968 3.775753 11.23
16.276962 8.444661 11.23
23.022347 4.172052 11.24
12.741059 -0.38111 11.24
16.113728 0.296264 11.24
13.079947 5.064703 11.24
18.298224 3.467377 11.25
14.899422 11.99104 11.25
16.86348 -0.482672 11.25
12.037748 9.697906 11.25
13.45003 9.334099 11.25
22.161747 1.58237 11.25
12.817402 5.789846 11.26
23.28816 6.936912 11.27
18.914275 0.459231 11.27
19.269288 11.645052 11.27
12.618154 5.702637 11.27
20.305213 -0.142262 11.27
17.380883 4.584107 11.28
21.515063 1.553267 11.28
16.095644 5.169143 11.28
12.945658 10.014676 11.28
17.729135 10.076705 11.29
17.124779 3.34939 11.29
14.498982 4.549016 11.29
17.469976 9.770708 11.3
15.172189 8.102633 11.3
22.845317 2.944186 11.3
18.357461 7.648754 11.3
18.836175 3.085081 11.3
17.09683 -1.453026 11.3
11.766125 2.738552 11.31
15.961296 5.27572 11.31
17.478984 9.007786 11.31
21.995748 5.574658 11.32
11.957343 9.686312 11.32
13.105151 3.376049 11.32
13.31651 11.150922 11.32
20.033215 11.094891 11.33
15.283797 11.423991 11.33
11.366694 9.214089 11.33
19.277068 6.772911 11.33
17.656552 -1.805649 11.34
15.560664 11.587109 11.34
13.309594 0.055275 11.35
16.557995 -0.858378 11.35
18.44623 7.030342 11.35
12.521617 -0.543007 11.35
9.301499 8.152119 11.35
10.331998 4.228648 11.36
11.07616 9.139035 11.36
15.489377 2.044452 11.36
23.235035 6.016743 11.36
14.831553 8.933447 11.36
15.687115 5.602416 11.36
12.586898 5.374554 11.36
10.73655 7.261596 11.37
21.101073 2.576666 11.37
17.72303 3.733302 11.37
10.17455 7.723303 11.37
22.55322 5.09192 11.37
17.676029 9.994359 11.37
14.180915 2.850996 11.38
10.798766 7.209194 11.38
11.742281 2.967782 11.38
16.523033 1.480069 11.38
21.678453 6.797969 11.38
11.263547 4.334793 11.38
13.973052 11.86515 11.38
16.114997 11.006218 11.39
13.50265 5.673323 11.39
13.311214 0.833837 11.39
18.032375 -0.61596 11.39
12.047008 7.047058 11.39
15.590595 1.989452 11.39
16.748817 -1.990572 11.39
15.278588 5.847997 11.39
18.52861 3.632903 11.39
22.805034 4.969722 11.39
14.797327 0.775831 11.4
17.191846 4.52726 11.4
19.860205 11.974977 11.41
18.250193 9.585467 11.41
19.668436 1.186159 11.42
21.460466 6.057953 11.42
11.236758 6.376797 11.42
11.039041 6.206015 11.42
11.774071 6.198051 11.42
12.659101 -0.361327 11.43
22.922226 4.961777 11.43
18.190886 10.582295 11.43
19.944406 1.984829 11.43
23.025286 6.539281 11.43
14.539024 1.023678 11.43
23.219466 5.771076 11.44
14.798841 2.979758 11.44
20.134214 10.872837 11.44
22.73675 6.523993 11.44
14.625973 7.057278 11.44
21.467619 1.614379 11.44
18.179225 4.321993 11.44
19.111344 7.737483 11.44
14.231369 11.126733 11.45
17.181822 9.538253 11.45
9.621495 8.355131 11.45
13.067626 4.129667 11.45
17.290035 8.341154 11.46
10.246575 7.760475 11.46
18.373743 4.102938 11.47
23.781738 6.706297 11.47
12.495787 10.28949 11.47
11.114839 9.09996 11.47
16.643552 6.249505 11.47
13.549539 9.036523 11.47
13.595346 4.614109 11.47
13.892149 2.527853 11.47
10.681829 4.881407 11.47
16.493304 9.427245 11.47
14.78018 8.957546 11.48
16.168606 5.559784 11.48
19.302562 6.848424 11.48
21.776127 1.121249 11.48
13.862464 2.581149 11.48
13.01712 5.07188 11.49
22.526056 3.488641 11.49
13.416416 3.672092 11.49
10.04172 3.134727 11.49
16.094697 10.848167 11.49
10.730965 4.134719 11.49
22.828726 6.728766 11.49
19.114029 10.75378 11.5
18.29862 3.535703 11.5
12.120146 1.008914 11.5
10.312602 7.809039 11.51
23.14343 2.620089 11.51
11.012478 2.022931 11.51
18.67954 2.701789 11.51
15.897111 11.191903 11.52
17.949037 -1.837904 11.52
10.877117 1.999409 11.52
17.213132 9.055347 11.52
14.205029 11.174202 11.52
13.418 9.762351 11.52
18.313662 4.397686 11.53
18.316883 7.615832 11.53
10.582643 7.799958 11.53
10.911135 7.617874 11.53
18.22792 1.888172 11.53
11.248022 1.281644 11.54
16.163774 5.619683 11.54
19.022188 2.992376 11.54
15.81159 5.781259 11.54
12.716528 -0.376815 11.54
15.577183 11.459587 11.54
18.018331 2.212968 11.54
12.603219 5.322421 11.54
12.608378 3.718556 11.55
14.198766 4.472251 11.55
18.998889 0.881711 11.55
15.973841 5.34182 11.56
12.715727 8.68009 11.56
18.692815 6.743814 11.58
14.212398 4.504344 11.58
11.768536 6.154941 11.58
11.782726 2.978805 11.58
13.842072 -1.234561 11.58
13.197173 3.3677 11.58
16.601975 -0.686677 11.58
18.557171 5.43921 11.58
15.448821 9.480572 11.59
20.829638 10.450178 11.59
23.049509 6.584394 11.59
15.696129 6.892874 11.59
15.439597 5.684923 11.6
19.351885 6.838699 11.6
13.487454 5.613403 11.6
18.307263 8.896129 11.61
19.736471 10.117103 11.61
13.842505 -0.771272 11.61
12.772057 10.915283 11.61
11.757527 2.818724 11.61
18.552323 5.371314 11.61
22.824301 2.976161 11.61
14.961145 2.013053 11.62
19.555083 6.52848 11.62
16.118915 12.052539 11.62
12.259805 5.06792 11.62
15.692197 6.961649 11.62
9.698136 8.520349 11.62
18.222808 9.530317 11.63
17.747548 8.565218 11.63
22.259867 5.666606 11.63
19.575025 10.885917 11.63
10.521191 4.565854 11.63
22.244208 5.56972 11.64
17.497332 -0.13009 11.64
11.422006 9.173629 11.64
15.907652 11.111281 11.64
11.673218 6.574139 11.65
13.414769 7.282789 11.65
14.798857 3.0353 11.65
15.457694 1.999814 11.65
16.054355 4.131549 11.66
14.457272 8.158106 11.66
15.944487 11.849204 11.66
23.260625 2.380797 11.66
15.881006 5.078582 11.66
16.003532 4.422209 11.67
13.515466 9.010352 11.67
19.256484 11.187751 11.67
17.248951 4.551468 11.68
18.744625 10.175462 11.68
17.803998 3.447545 11.68
16.426831 11.709106 11.68
15.326416 12.244334 11.68
15.653738 1.972951 11.69
22.094787 3.368995 11.69
14.031198 9.880842 11.69
16.385957 2.247258 11.69
14.554531 3.741122 11.69
19.512762 -0.281841 11.7
17.423649 -0.151727 11.7
22.259395 7.019264 11.7
16.596094 0.557331 11.7
18.00416 -1.866436 11.7
22.898645 6.348011 11.7
11.252939 4.010442 11.7
15.989212 4.16415 11.7
11.050081 1.670993 11.7
23.410364 6.906813 11.7
15.003252 7.400421 11.71
22.598175 6.843211 11.71
11.295853 1.262061 11.71
14.581406 0.982675 11.71
14.217107 6.891916 11.71
16.592559 1.4739 11.71
12.716148 10.856343 11.71
18.317723 -1.023316 11.72
15.799832 12.463316 11.72
22.824938 2.099389 11.72
17.507318 9.735378 11.72
18.263854 6.057299 11.73
13.036092 9.628831 11.73
16.623813 0.531003 11.73
14.055448 9.830736 11.73
9.501468 4.280248 11.73
10.96768 2.206636 11.74
22.277778 1.697661 11.74
16.059415 2.35184 11.74
12.613783 3.902751 11.74
22.124585 1.538593 11.74
13.733915 10.023424 11.75
20.139274 10.553046 11.75
12.464355 10.256791 11.76
15.013446 1.989509 11.76
20.904799 2.211845 11.76
20.897848 2.659483 11.76
15.051634 7.357317 11.76
16.000164 11.899956 11.76
19.328397 11.670308 11.76
10.243968 5.767472 11.76
14.847537 6.997212 11.76
18.347284 2.766956 11.76
10.366513 4.260805 11.77
13.815335 2.572201 11.77
20.239665 10.977604 11.77
18.300622 7.699577 11.77
11.235839 4.357621 11.77
18.582076 3.62014 11.78
17.757165 10.153457 11.78
22.970604 4.990028 11.78
10.734534 8.484676 11.78
13.181334 6.342474 11.78
18.276158 0.89016 11.78
17.806309 7.39007 11.79
14.623172 7.244508 11.79
20.323687 10.97711 11.79
12.172878 10.335704 11.79
18.231368 11.339954 11.79
18.538277 3.521296 11.79
22.229682 5.467167 11.79
20.138813 11.28972 11.79
18.790002 3.145443 11.79
15.373011 12.255259 11.8
18.133468 7.487557 11.8
14.716442 3.066048 11.8
15.262596 10.273309 11.8
18.281012 2.057598 11.8
15.732716 5.53255 11.81
16.542946 1.110212 11.81
14.947486 3.90482 11.81
15.767899 5.656519 11.81
17.044795 10.650477 11.81
22.376361 2.720162 11.81
14.346718 3.269076 11.81
18.887265 2.788718 11.81
12.491967 3.726754 11.82
19.906117 1.923897 11.82
18.799197 10.157512 11.82
10.952426 2.321578 11.82
12.385668 -0.002249 11.82
11.704221 6.213922 11.82
23.29405 6.993099 11.82
11.086267 9.126274 11.82
17.161041 9.501776 11.82
17.27914 9.030218 11.82
19.441793 -0.255063 11.82
9.514358 4.256439 11.82
11.69634 6.636416 11.82
18.643225 2.735185 11.82
18.116691 4.350634 11.83
18.583197 3.575746 11.83
13.63716 4.500797 11.83
18.262783 6.235871 11.83
14.55442 3.70138 11.83
15.485336 5.655098 11.84
16.410382 6.647424 11.84
18.032541 2.286115 11.84
20.919329 1.941086 11.84
18.973309 10.829251 11.84
17.593551 -1.812118 11.85
19.952204 1.869429 11.85
14.136601 8.558951 11.85
12.927809 -1.32208 11.85
19.555212 10.829863 11.86
18.944397 10.751949 11.86
13.345165 -1.586252 11.86
16.370416 2.179077 11.86
14.167642 2.782827 11.86
13.564066 10.548222 11.86
11.368909 5.267307 11.87
13.282048 -1.590637 11.87
18.878276 0.143454 11.87
19.625719 6.547084 11.87
15.882631 9.572147 11.87
12.968901 9.990126 11.87
21.972835 3.483476 11.87
13.054117 9.696922 11.87
22.46065 3.286161 11.87
13.398918 7.247666 11.87
13.502402 4.615349 11.87
13.24005 9.832906 11.88
22.931219 5.993844 11.88
20.078689 10.53532 11.88
16.057297 11.029415 11.88
17.795081 3.741195 11.88
18.122778 8.768889 11.88
18.319037 2.001744 11.88
10.031036 7.8369 11.89
15.227723 8.052082 11.89
13.277514 11.154229 11.89
20.09934 10.882442 11.89
10.864539 7.589119 11.9
15.212837 11.424008 11.9
16.709652 -1.945835 11.9
9.292474 4.486376 11.91
19.185692 10.251095 11.91
15.618427 9.544874 11.91
16.547517 1.062326 11.91
14.661769 7.045408 11.91
15.896894 9.563131 11.91
15.995132 8.846918 11.91
12.472943 -0.569128 11.91
12.504546 5.945729 11.92
13.350453 9.620556 11.92
21.338142 2.456282 11.93
12.762812 8.687449 11.93
16.10861 11.991102 11.93
18.249962 4.307967 11.93
13.473349 9.281955 11.93
13.351828 -1.841131 11.93
14.688296 1.041635 11.94
22.406025 5.200687 11.94
12.537028 2.663466 11.94
22.670317 6.811498 11.94
14.07976 8.570133 11.94
14.154564 12.078969 11.94
17.112106 -0.848358 11.94
18.270992 1.900048 11.94
9.505331 3.110419 11.94
12.130762 10.299633 11.95
16.924351 3.01798 11.95
14.393256 6.173412 11.95
14.161874 6.840904 11.95
18.452934 4.09788 11.95
11.017535 1.737734 11.95
22.658767 6.764664 11.95
16.044277 11.017061 11.96
18.368157 1.999743 11.96
10.944135 2.257493 11.96
20.092654 10.75288 11.96
16.025243 2.276874 11.96
13.132248 3.31675 11.96
12.622032 5.66787 11.96
19.240539 10.256941 11.96
12.555739 3.690636 11.97
11.242667 5.411763 11.97
22.281771 1.742697 11.97
10.110767 3.484406 11.97
11.085209 4.488987 11.97
11.014234 6.235968 11.98
18.198002 1.910997 11.98
16.612496 -0.838221 11.98
11.956902 2.135269 11.98
11.409776 5.226482 11.98
13.600456 -0.462129 11.98
10.244748 3.480718 11.99
12.714948 -0.31291 11.99
10.965932 1.990281 11.99
15.955192 8.912351 11.99
17.694571 8.60167 11.99
21.421381 6.179248 11.99
11.472483 8.404892 12.0
20.398476 -0.072446 12.0
