ra dec Kp
186.691059 -0.183372 7.84
182.357697 -0.758528 7.94
186.999049 -7.568084 8.2
187.215228 -6.530317 8.2
186.792846 -3.287509 8.25
183.540724 -1.59081 8.35
181.477705 -2.463263 8.46
183.061893 -7.001071 8.59
188.579254 2.393029 8.61
181.462924 -6.540347 8.63
185.734263 -5.780013 8.64
181.187105 -5.773222 8.71
187.225741 1.148519 8.72
190.458282 -2.750422 8.89
192.810182 -6.944974 8.95
190.770823 -8.610148 9.0
186.926318 1.837431 9.01
188.579238 2.444557 9.02
188.950594 -2.341846 9.08
190.598931 1.615888 9.1
186.619664 -1.887709 9.15
185.517619 -8.557655 9.16
186.710427 -9.636492 9.18
187.25506 -6.591833 9.2
186.923247 -7.581689 9.2
187.813494 1.124812 9.22
192.603862 -7.363559 9.24
184.867591 -10.190879 9.25
190.877036 0.812716 9.3
186.984581 -4.677764 9.32
181.164422 0.759595 9.33
192.118875 -8.044986 9.34
189.686715 -5.328078 9.41
191.982727 -1.010283 9.41
192.790577 -1.748328 9.42
190.168112 0.263602 9.42
189.698533 -3.309065 9.43
186.642218 -0.148855 9.44
184.432401 0.031622 9.47
187.692689 -4.445562 9.48
181.121922 0.6979 9.49
182.412636 -0.773591 9.49
186.832636 -3.238244 9.5
186.985284 1.456807 9.51
192.627331 -7.422406 9.52
189.579916 -5.358543 9.53
186.362062 -6.216901 9.58
187.153764 1.617203 9.62
181.097408 -4.922478 9.63
189.861948 1.03292 9.63
184.350533 -0.011019 9.65
190.000473 -0.529355 9.66
185.622393 -4.701352 9.67
184.783666 2.946516 9.68
190.931199 -8.485013 9.69
183.544121 -1.642151 9.69
185.876269 2.852065 9.7
180.578984 -5.837773 9.7
183.89765 -2.792927 9.71
186.162934 -4.299536 9.71
190.657202 1.625224 9.72
186.786905 -6.52769 9.73
182.378729 0.803377 9.73
182.583369 -8.796078 9.73
182.850993 -10.092356 9.74
190.959452 0.815754 9.74
187.79128 -2.066868 9.74
187.619807 -4.42768 9.75
182.446831 -6.334249 9.75
189.64049 -11.358865 9.76
185.92377 -4.720749 9.76
183.305413 -8.982233 9.78
182.129319 -9.999427 9.83
188.126589 -9.386798 9.84
180.591344 -5.787976 9.84
185.795484 -4.171806 9.84
185.832983 2.8157 9.85
186.653034 -9.636097 9.85
186.019538 2.297887 9.86
183.109304 -4.258129 9.86
184.36605 2.887832 9.87
188.846578 -3.21386 9.88
182.233528 -10.016271 9.88
184.181061 2.320269 9.88
187.711187 0.854556 9.88
190.13978 0.286545 9.91
186.041043 -5.985034 9.91
183.559045 -1.168718 9.91
184.153825 2.982368 9.92
187.575506 1.280396 9.93
190.675186 -4.479278 9.94
189.656814 -11.321506 9.95
188.832377 -10.874429 9.95
187.797602 -2.144032 9.96
181.52982 0.007015 9.97
186.895838 -9.712003 9.98
190.799734 0.94703 9.98
186.971379 1.870469 10.0
185.224398 -0.224428 10.02
186.452844 -6.244236 10.02
185.488797 -4.614501 10.02
181.442904 -2.528691 10.03
190.429304 -2.683181 10.03
186.745135 -7.157175 10.03
182.854835 -10.044389 10.04
186.818601 -8.029669 10.04
187.04004 -0.447037 10.05
181.458318 0.134007 10.05
186.757023 -3.540598 10.07
182.145299 -0.486772 10.08
180.650401 -2.615597 10.08
186.752373 -6.46237 10.09
187.302875 1.176565 10.09
184.821609 -3.298948 10.1
185.958679 1.650864 10.1
184.163347 -7.623664 10.11
179.667817 -6.161818 10.12
192.344215 -7.457534 10.12
189.695216 -4.378841 10.12
181.358726 -6.742056 10.13
188.922073 -2.292771 10.13
184.883747 -9.067216 10.14
182.419441 -7.021176 10.15
192.730848 -1.720193 10.16
187.023441 -1.097288 10.16
186.593169 -5.107397 10.16
188.857951 -5.322641 10.17
191.054456 1.206269 10.17
188.630436 -10.378407 10.17
186.486653 -1.40458 10.17
191.182106 -6.601054 10.17
186.840306 -9.680057 10.17
189.622309 -11.446509 10.18
184.292812 2.912343 10.19
184.538967 -1.167287 10.19
186.319999 -4.506874 10.19
185.463449 -7.876459 10.19
190.348887 -0.716567 10.21
187.188507 1.643108 10.21
181.163943 -0.280774 10.21
181.986317 -0.660437 10.21
188.083999 0.438727 10.21
187.626008 -0.109893 10.21
182.146136 -0.456759 10.21
187.797303 1.084679 10.23
186.254339 -9.258027 10.23
185.387554 -5.895817 10.23
190.484263 -2.699557 10.24
193.101048 -7.274563 10.24
183.499939 -1.215391 10.24
193.855354 -2.001217 10.26
189.448901 -9.866282 10.26
184.31423 0.177389 10.26
193.663346 -1.85284 10.27
181.522567 0.127121 10.27
188.303355 -1.438692 10.28
188.749987 -2.536486 10.28
186.361971 -4.416262 10.28
191.444869 1.453816 10.29
192.35559 -1.415177 10.29
186.766873 -4.440366 10.3
187.551511 -3.781038 10.31
188.438223 0.709985 10.32
184.901712 -10.171993 10.32
179.501138 -5.657167 10.33
185.677557 -5.750658 10.34
179.896382 -6.963855 10.35
186.484886 -4.614017 10.38
183.76721 -5.84406 10.38
183.952004 -6.403073 10.39
186.549031 -1.859306 10.4
191.4334 1.381383 10.41
188.441605 0.670456 10.41
184.081558 -3.73441 10.42
184.891018 1.926169 10.43
181.199448 -0.226721 10.43
182.042254 -9.131362 10.43
190.909371 1.785187 10.43
183.574446 -9.752076 10.44
186.882891 -4.400201 10.44
187.595142 -4.490668 10.44
184.02226 1.953574 10.44
184.421302 -1.915739 10.44
186.487104 -1.275613 10.44
184.115445 -5.693352 10.45
189.337361 -3.483218 10.45
190.047817 -0.581545 10.46
182.092772 -0.482627 10.46
192.844906 -7.308291 10.47
184.3925 1.087936 10.47
187.046389 -4.68435 10.49
182.819246 -5.103319 10.49
181.428142 -6.531306 10.5
189.97398 1.145712 10.5
180.913479 -6.426711 10.5
185.337057 -5.916365 10.51
185.493308 -7.718586 10.51
191.916805 -7.138778 10.51
181.592276 -3.56349 10.51
184.152226 2.300576 10.51
190.993954 -1.072584 10.52
185.080777 -3.00048 10.52
183.239582 -0.925402 10.53
186.883298 -10.749755 10.53
187.520483 -10.178505 10.53
184.066464 -5.667025 10.53
180.485314 -1.922479 10.54
182.356042 -7.93408 10.55
183.092581 -6.955549 10.55
181.110052 -5.749901 10.56
183.538366 -9.70377 10.56
185.355148 -6.437101 10.56
190.767556 1.023028 10.56
184.319712 -0.712867 10.57
191.343108 1.475252 10.57
186.409511 -7.28457 10.58
181.223594 -5.149296 10.59
181.230773 -3.811665 10.6
185.680312 -10.641618 10.6
189.643162 -9.98402 10.61
185.711434 -4.007692 10.61
182.438585 -6.288699 10.61
187.288592 -6.835564 10.61
184.061258 -6.190139 10.61
184.792294 1.916842 10.61
188.636485 -5.214514 10.62
187.058631 2.8894 10.63
186.207759 -2.075944 10.63
182.591491 -6.466293 10.63
183.244224 -1.005247 10.63
190.948211 1.813248 10.64
192.767435 -2.383782 10.65
180.022865 -4.987195 10.65
186.803277 -7.947469 10.66
189.395909 -9.969093 10.66
183.889565 3.288582 10.66
189.685442 -10.802635 10.67
187.19364 -7.51291 10.67
190.836911 -8.63987 10.67
189.924739 -5.013969 10.67
186.614494 -5.056041 10.68
187.552186 -4.835812 10.68
183.53847 -1.24914 10.68
186.540421 -4.898014 10.68
188.867922 -2.392986 10.68
186.311641 -4.449607 10.69
187.587425 -10.483649 10.69
187.98092 -2.409435 10.7
183.295614 -3.582868 10.7
186.848423 -9.647381 10.72
181.071798 -4.93038 10.74
188.429942 -9.871321 10.74
187.681079 -0.106027 10.74
182.585105 -6.464862 10.75
180.696634 -2.020643 10.75
192.023536 -8.621042 10.75
191.353917 1.359376 10.75
186.464493 -4.236897 10.76
192.713064 -8.554605 10.76
181.105998 -6.837518 10.77
185.706752 -10.601008 10.77
182.233355 -8.784284 10.77
180.91336 -6.388325 10.78
190.825532 -2.459985 10.78
193.888858 -2.220626 10.79
185.271238 -2.005442 10.79
189.866097 -5.070851 10.79
184.716687 -9.615945 10.8
184.816009 1.948614 10.8
193.89611 -2.160049 10.81
183.392346 -5.59539 10.81
188.890478 -2.161225 10.81
184.253011 -0.704111 10.81
184.884202 -8.920728 10.82
186.487762 -4.534489 10.83
189.357702 -0.633784 10.83
180.572328 -5.801095 10.83
181.121408 -4.899233 10.84
190.722067 1.826515 10.84
189.8865 -10.169246 10.84
190.298877 -0.731716 10.84
187.658201 -0.195604 10.85
192.850534 -6.899715 10.86
188.683741 -5.1879 10.86
181.586838 -4.913996 10.86
189.070938 -4.459331 10.87
184.680292 -9.638782 10.87
185.776961 2.772865 10.88
186.159394 -4.343671 10.88
190.969183 -8.530123 10.88
187.320078 -1.279655 10.89
183.368809 -5.54041 10.89
183.515823 -9.123488 10.9
189.145284 -4.470168 10.9
186.814978 -4.649076 10.9
189.963747 1.864773 10.91
192.42774 -1.883234 10.91
188.02521 -1.932974 10.92
183.087052 -10.305875 10.92
186.587901 -4.939623 10.92
189.027413 -2.343179 10.92
189.326855 -0.692242 10.92
182.311035 -10.04715 10.94
180.385771 -0.679854 10.95
192.164037 -8.007136 10.95
181.079611 1.011652 10.95
189.804093 -4.791483 10.96
185.903809 -9.074958 10.97
183.073719 -3.565015 10.97
185.793832 2.695641 10.97
190.461018 -5.005099 10.97
182.64009 -8.791022 10.97
192.013853 -0.954682 10.97
187.755799 2.743767 10.98
183.960728 -6.357418 10.98
190.631703 -4.216607 10.98
181.004202 1.016154 10.98
189.739511 -9.798629 10.99
186.251016 -9.328904 10.99
182.441139 -2.315249 11.0
189.38042 -3.573494 11.0
187.802184 -5.081936 11.0
193.234558 -1.669733 11.0
186.687418 -0.170342 11.01
189.122781 -11.119193 11.01
186.955682 -1.063576 11.01
190.359629 -1.933172 11.01
185.579936 -0.00396 11.01
184.854621 -9.046577 11.01
186.407395 -4.682315 11.02
187.908188 -9.301465 11.02
187.825168 2.7327 11.03
185.550549 -8.607209 11.03
186.000606 1.632702 11.03
186.510013 -4.252569 11.03
193.119416 -7.463904 11.04
187.825834 -2.417917 11.04
180.383456 -2.782545 11.05
189.327381 -5.350972 11.05
190.802737 -8.491683 11.05
191.869918 -7.643267 11.05
185.630602 -0.064607 11.06
191.945333 -8.604684 11.08
184.159827 2.587612 11.08
186.473065 -6.192964 11.08
184.362844 -0.027752 11.09
182.671309 -10.093084 11.1
190.024048 1.09306 11.11
179.802816 -4.69725 11.11
187.685159 0.827472 11.11
182.923754 -7.313961 11.11
184.089604 -3.694882 11.11
191.008793 -7.765742 11.12
190.057721 1.825051 11.12
181.440468 -6.540018 11.13
181.201088 -3.869616 11.13
186.998309 -0.408616 11.13
189.791806 -5.03478 11.13
188.684589 -10.396581 11.14
188.793379 -10.893527 11.14
183.336536 -3.56467 11.15
184.119411 -8.99279 11.16
181.415934 -6.802305 11.16
185.918957 -9.031108 11.17
182.768321 -6.049508 11.17
186.936325 -3.250169 11.17
185.772305 0.821705 11.18
186.813379 -7.174404 11.18
186.034086 2.47227 11.18
192.295515 -7.019167 11.19
186.384443 -7.991552 11.19
188.76477 -5.293349 11.19
185.665847 -4.716079 11.2
184.073223 -8.943403 11.2
186.03983 -8.861902 11.2
185.732116 -10.661581 11.2
190.405323 -5.061978 11.2
189.613343 -9.730511 11.21
187.890031 -2.418257 11.21
184.509225 -4.050356 11.21
182.767675 -5.159485 11.22
187.334513 -6.896054 11.23
182.389705 -0.102333 11.23
180.987068 0.221414 11.23
180.506707 -3.093307 11.23
192.391601 -1.442652 11.23
184.833416 -8.986644 11.24
189.666177 -3.290747 11.25
189.819015 1.484805 11.25
186.518593 -4.976986 11.25
182.316522 -8.786268 11.25
186.772571 -1.749949 11.26
192.335881 -8.028358 11.27
190.36613 1.076095 11.27
182.061316 -10.01097 11.27
180.452477 -1.973396 11.27
180.675326 -2.087328 11.28
187.050429 2.823422 11.28
181.463798 -6.565203 11.28
186.051249 -5.911635 11.28
183.968866 -2.40147 11.28
186.472726 -7.322998 11.28
187.005139 1.536673 11.29
180.456044 -0.71928 11.29
186.807831 -9.582648 11.3
184.463296 -0.012815 11.3
186.94167 -9.237182 11.3
186.942653 -0.425505 11.3
189.858667 -9.61247 11.3
183.480003 -7.224144 11.31
180.659537 -2.675537 11.31
186.766183 -4.475251 11.31
183.288544 -9.033828 11.32
184.216276 2.96797 11.33
185.821504 -4.236941 11.33
182.749923 -5.985155 11.34
184.375788 -0.062314 11.34
186.081133 -8.89186 11.34
181.65493 -5.349016 11.34
183.477014 -7.292058 11.35
182.970144 -7.251467 11.35
181.155725 -5.127179 11.35
187.134841 1.613642 11.36
192.396568 -7.428767 11.36
189.127358 -11.090263 11.37
188.837034 1.079719 11.37
183.585881 -1.292073 11.37
186.499291 -7.362908 11.37
189.868877 0.985858 11.38
189.409123 1.247063 11.38
180.180686 -2.940587 11.38
192.321266 -8.0116 11.38
192.280666 -7.088916 11.38
186.989951 -9.33147 11.38
188.396179 -9.877735 11.39
186.554851 -1.251863 11.39
184.065143 1.941531 11.39
184.64046 -4.460441 11.4
181.560033 -3.580665 11.4
192.863041 -7.976235 11.4
192.32378 -7.717402 11.4
187.52797 1.248501 11.4
183.004154 -3.592295 11.41
187.602269 -3.793659 11.41
181.399404 0.10564 11.42
190.549267 1.60144 11.42
188.16976 -1.901154 11.42
181.436773 -6.727237 11.42
182.721011 -10.088877 11.42
189.326019 -3.43066 11.42
183.554191 -9.145255 11.43
182.829191 -6.927138 11.43
193.27722 -1.644943 11.43
189.606293 -9.6775 11.44
180.068914 -4.952996 11.44
182.421771 -6.941041 11.44
180.94361 0.217656 11.45
187.644789 -9.093368 11.45
186.31157 -8.000958 11.45
182.652037 -6.868803 11.45
185.525516 -4.56965 11.45
184.823687 -4.67574 11.47
186.380991 -6.146064 11.47
179.636678 -6.122114 11.47
192.352178 -7.750437 11.48
179.632932 -6.236576 11.48
191.13281 -6.566514 11.48
190.498163 -2.654371 11.48
190.403851 -2.68405 11.48
184.046899 -4.155554 11.49
181.981428 -2.776165 11.5
190.380265 -2.636131 11.5
185.090881 -2.923835 11.5
185.380357 -5.827184 11.5
192.679779 -8.562498 11.52
189.614445 -9.119725 11.52
186.512887 0.793786 11.52
186.42075 -6.29956 11.52
187.143634 -0.279462 11.52
187.212129 -0.300348 11.53
184.015386 -6.237193 11.53
188.404176 -9.724577 11.53
183.184063 -4.223596 11.54
180.757651 -2.027655 11.54
190.822289 1.014993 11.54
190.656448 0.411865 11.54
185.509492 -7.863232 11.55
189.796179 -9.813505 11.55
189.938373 1.817884 11.55
189.227145 -9.224672 11.55
188.75048 2.057114 11.55
186.463831 -4.491471 11.55
181.24762 -7.174621 11.55
183.918796 -2.848635 11.56
190.948513 -8.478232 11.57
190.296402 1.108114 11.57
185.788369 -10.608275 11.57
189.88885 -9.685967 11.57
185.945759 2.274627 11.57
188.814325 -5.262169 11.57
193.896749 -1.973422 11.58
184.337696 0.252118 11.59
189.612729 -9.112507 11.6
179.810308 -4.664685 11.6
191.13106 -6.599422 11.6
186.216833 -2.01625 11.61
182.864501 -6.876505 11.61
186.785056 -8.735892 11.61
189.880148 1.522417 11.61
189.758839 -10.767513 11.62
192.372143 -1.877019 11.62
187.295604 -7.531001 11.62
185.799042 0.890508 11.63
190.624694 -4.471482 11.63
189.697161 -4.321361 11.63
187.546206 -0.124302 11.64
180.61452 -3.605106 11.64
181.121324 -4.888845 11.64
182.037332 -2.370885 11.65
187.724286 -0.156655 11.65
187.811316 -5.118355 11.65
190.682368 -4.186303 11.65
188.795316 -3.150703 11.65
182.581155 -6.911498 11.65
188.034731 -9.742683 11.65
188.060661 -9.348769 11.65
188.09347 -9.334471 11.66
193.038309 -1.991607 11.66
186.672929 -9.229245 11.66
190.658415 0.485829 11.66
187.052049 -6.316757 11.66
184.838954 -3.356434 11.67
190.972341 -8.597247 11.67
182.166369 -8.747139 11.67
187.281529 -2.098297 11.67
181.309392 -3.575948 11.67
189.676386 0.920058 11.67
187.26064 -1.312384 11.67
182.431061 0.741998 11.69
190.763462 1.772036 11.69
179.940032 -5.721729 11.69
187.472899 -10.223751 11.69
182.498875 -6.947269 11.69
192.38552 -8.040732 11.7
185.960344 -4.713435 11.7
188.040819 0.403087 11.7
183.991737 -2.349939 11.7
188.018142 -9.707971 11.7
190.533807 1.652125 11.71
189.485889 -11.165103 11.71
182.115813 -2.367435 11.72
184.596172 -1.219034 11.72
185.70772 -10.355385 11.72
189.300887 -5.408831 11.72
180.239497 -2.904717 11.72
190.076602 1.862102 11.72
186.335362 -6.165895 11.73
187.95506 -2.482883 11.73
182.060089 -0.624779 11.73
186.764214 -4.649881 11.73
190.323688 -3.79661 11.73
186.77179 -10.817177 11.73
186.818127 -10.793542 11.75
187.094665 -6.294819 11.75
186.559136 -4.517821 11.75
180.540873 -3.580773 11.76
185.968323 -8.83298 11.76
190.997263 -7.723192 11.77
190.851523 -2.431792 11.77
188.030113 -9.645618 11.77
190.636282 0.382617 11.77
189.360499 -3.571342 11.77
189.455559 -9.825057 11.77
186.454078 -4.645724 11.77
185.334557 -2.042823 11.77
185.347101 -6.36597 11.77
187.305274 -4.345268 11.78
185.983986 2.446556 11.78
183.752259 -5.888654 11.78
192.900049 -8.026717 11.78
188.826473 -2.54969 11.78
188.902994 -2.084267 11.78
187.23082 -7.504654 11.78
180.024549 -4.998083 11.78
187.589139 -10.431232 11.79
184.693753 -1.839135 11.79
180.905172 -0.898706 11.79
186.813258 -1.70484 11.79
186.674901 -9.16447 11.79
188.774901 2.006177 11.79
188.765473 1.688146 11.79
187.31754 -4.405409 11.79
183.03804 -9.794202 11.79
186.988814 -9.284002 11.8
184.874543 -0.645822 11.8
187.650748 -9.05011 11.8
185.292589 -0.243043 11.8
192.402175 -1.461771 11.8
188.840686 1.670466 11.8
183.230417 -6.857775 11.81
189.830801 -10.215275 11.81
193.644203 -1.805763 11.81
182.078776 -9.144329 11.81
184.845126 -0.678359 11.81
189.70933 -9.976878 11.81
189.207048 -5.293637 11.82
189.424369 -9.895694 11.82
187.925461 -9.245116 11.82
179.563075 -6.192153 11.82
180.467056 -3.048602 11.82
181.261086 -7.126296 11.82
189.30282 1.132154 11.82
184.721927 -4.444086 11.82
183.898222 3.253725 11.83
188.088017 -1.89263 11.83
185.764069 -10.343474 11.83
181.201284 -7.175381 11.83
187.006159 1.497101 11.83
186.780081 -7.995507 11.83
181.948821 -2.753003 11.83
186.465041 0.837856 11.83
187.138053 -0.311853 11.83
185.176619 -9.014381 11.84
185.7109 -4.07951 11.84
186.914382 -3.28959 11.84
189.188449 -9.21006 11.85
191.272173 1.569639 11.85
185.636787 -4.125932 11.85
182.576423 -6.375453 11.85
188.800234 1.114365 11.85
186.820487 -8.744288 11.86
186.520509 -1.415284 11.86
189.452682 -3.530645 11.86
191.063786 -1.050634 11.86
188.901293 -2.426762 11.86
182.352009 -10.053209 11.87
189.502402 -11.090865 11.87
179.957248 -6.938864 11.87
181.6035 -5.284089 11.88
190.331793 -3.829162 11.88
189.152269 -5.297574 11.88
193.049703 -2.033397 11.88
186.999815 -1.098691 11.88
180.855215 -0.874836 11.88
188.364513 -9.676411 11.88
185.655956 -4.174507 11.88
187.553235 -10.38829 11.88
189.610654 0.906458 11.88
184.00014 -4.195714 11.89
192.794237 -7.304015 11.89
183.12972 -10.244447 11.89
184.839102 -3.425839 11.89
187.231014 -2.146859 11.89
189.670524 -10.0582 11.89
186.763276 -9.557992 11.9
188.283923 -1.47002 11.9
181.373377 -3.572493 11.9
181.45412 -6.493936 11.9
184.78889 -3.470507 11.9
180.059759 -5.701603 11.9
182.013041 -2.401343 11.91
184.365597 -1.900952 11.91
189.892584 -10.159228 11.91
186.847978 -4.349309 11.91
189.436706 -9.784294 11.91
184.363867 2.918033 11.92
187.806882 -0.163524 11.92
190.959544 1.784407 11.92
189.140045 -11.054462 11.92
181.593691 -4.946705 11.92
182.407578 -0.060922 11.92
188.846687 -3.161802 11.93
182.41107 -7.953745 11.93
191.266053 1.489487 11.94
183.583571 -1.202315 11.94
181.468434 -0.040944 11.94
179.51159 -5.613187 11.94
181.034336 -6.82052 11.94
187.340238 1.114705 11.94
182.800855 -10.123583 11.94
193.039742 -7.440948 11.94
179.981595 -5.720819 11.95
184.788863 -4.463948 11.95
185.211032 -9.012885 11.95
191.930033 -7.204303 11.95
189.33791 1.204834 11.95
184.132796 -7.660907 11.95
182.751106 -10.114548 11.95
193.101017 -7.348944 11.95
182.99935 -9.800648 11.95
191.85752 -7.597813 11.96
181.191551 -3.744725 11.96
192.701583 -2.434891 11.96
184.54231 -4.118448 11.96
187.55422 -10.369662 11.96
187.028688 -0.497802 11.96
182.398039 -2.303104 11.97
180.55829 -6.742966 11.97
191.131907 1.184745 11.97
187.561359 -4.794997 11.97
180.743293 -2.006169 11.97
189.873565 -4.828219 11.97
180.921665 0.208641 11.97
189.555942 -11.441687 11.97
183.19635 -6.833322 11.98
182.166117 -0.416398 11.98
187.68907 -0.203156 11.98
184.777664 2.949872 11.98
180.407279 -2.83438 11.98
184.353334 1.126962 11.98
184.199044 2.555759 11.98
190.758562 -8.548566 11.98
184.790136 -4.749153 11.98
184.716902 -1.775801 11.98
186.053225 -3.085288 11.98
186.096528 -3.102273 11.98
185.503867 -7.657851 11.98
187.053834 -6.278162 11.99
188.33665 1.969072 11.99
193.622881 -1.785081 11.99
193.71867 -1.794891 11.99
188.374738 1.969069 12.0
180.60888 -6.677912 12.0
